-90991
33377
-38386
-3642
-42474
-46285
-90709
-27669
-40237
-51498
74939
-59158
-72167
-11653
-486
-7859
-78967
-27877
2437
-9670
52186
-55080
79709
-28432
25555
22090
38048
94537
-43949
-51508
53904
29184
-3309
86816
-79849
43792
-73727
-68724
-62844
47451
-63646
-64757
822
72933
-41844
-10085
-98047
-58655
87379
-52855
45216
-49088
51721
44704
76689
-2322
11094
75038
-66660
93289
27055
-85221
77869
-74897
-4389
-2529
-44858
-72822
-11058
-40432
87823
86676
-62157
24028
-89646
-58494
-3757
-68336
70476
3559
-88091
26599
-53022
71633
-85216
-86209
17605
83611
-38882
-37287
-69640
58232
-32622
-49049
21201
-3408
-80299
-47195
-49413
30032
-72834
-73903
93298
-91020
-40319
38534
-33850
1007
45673
17227
26685
84330
-8728
65955
62037
12392
94439
47244
-93698
-76553
95493
-52066
-54989
53125
-84651
67717
-22491
16557
30661
50371
-92178
-40578
-52742
44066
77201
-7324
-61749
71786
-5919
-67520
62428
-9948
-85499
-98736
22895
-72825
35370
90901
48383
67402
-77009
-69089
69505
82691
-94823
-8924
-25926
-86109
30485
76449
-11628
-60700
13446
-83047
-10037
5713
-39500
-28095
87346
97842
20500
40826
71481
-5143
-94493
-33934
2098
85710
62739
56359
8519
-96836
73892
-37416
16121
-66775
3314
7725
-68007
-56530
-73563
-22497
19836
-75482
-92221
44506
85573
-35865
95323
-28953
91303
46675
-73959
-68890
36421
44330
93691
-28620
21174
8506
-78004
-31061
75934
-20149
-55372
95532
-91652
35629
-91483
-6161
92473
-66729
-75287
82552
-61640
-58199
5599
-20373
-80687
-39357
37565
-31263
-23285
-70852
-4054
-91129
89210
65087
-99677
61285
85834
45461
11440
45338
78200
-69347
98335
27054
-38948
23096
5030
-61912
15821
-97361
-87554
25165
-81970
58835
95466
-2219
-9373
-5573
-29454
77596
-67354
80840
-74652
-2857
37137
-25237
576
-73399
-44359
98481
84764
8308
-21162
-30968
-17747
12960
77766
52489
87491
56453
-35132
27815
44279
-47918
-63178
50103
-12639
-36302
31503
8246
-93444
-27301
72172
-83573
-96511
-35582
-85938
-27435
-19243
74138
-77609
-26124
-313
71240
-47589
54219
24601
74804
22454
-92122
-65883
-3066
12633
39991
9262
-10048
-67967
-18743
-66757
-80930
63848
-64133
64543
-84313
-1187
-63766
31471
87519
-25073
51602
49365
-26240
88781
27369
73258
-37940
-80867
-39223
12318
-20941
-64344
-38644
84432
-25215
-78476
-90053
60750
-45686
62988
69136
-62210
-31825
-93163
31781
36097
-6180
68012
67712
-33817
-54999
-53967
-17544
-72322
-65316
-55807
-41836
-98488
97688
79674
59257
5540
-97
-53530
-52637
10790
77230
-10602
87735
-33583
-40451
-93777
-87861
5920
-90621
62906
-96768
3166
-79988
-77260
-66588
35735
-45242
52034
-89684
-85443
-18324
71631
-71494
-65371
92547
-68347
-20354
-93148
-64346
-64422
5809
-27430
-29339
-82235
-58294
59936
47672
-973
-72670
-81577
25749
-37181
-12037
-90414
-78513
86393
28272
-45485
20047
-43203
75234
-1866
-65925
4616
-53384
-17647
68173
-77544
-20281
-3110
-57942
29331
-27660
-82868
-69833
47074
-55475
76430
44372
-80141
-35268
62339
-33018
65568
83774
2659
-11623
-56199
-92210
40394
-8695
37216
-41669
79318
-36476
-5104
11850
-19774
-44589
-2509
-77129
-88381
-28328
-10803
-78198
78280
-30818
-13392
923
23866
-91259
66835
-65702
-22869
15519
-23612
29605
19611
-609
79841
6426
42862
-16590
-88059
-48269
-92940
-4884
-13670
11314
49957
-92168
-67504
-37351
-1994
-13750
74267
41432
64941
-72260
-30142
-11118
-89274
44461
79291
-73620
-20692
-89437
-4694
64720
99769
57580
70346
40186
-60574
49850
65213
47834
84265
41541
50577
-29558
138
-62385
-3344
18516
-63522
55007
-32871
50441
-26118
-68636
16077
6355
74840
-99736
49782
-69280
-33541
31504
-93968
-86678
-59147
61428
62451
-84023
80646
-22615
-95390
35609
57577
-91305
-22828
89735
8304
-45790
-46850
69604
27541
63233
31200
-26422
-14400
-19915
-12840
-91046
-5716
-8634
64088
12101
29502
-45656
86569
52975
35003
-46530
-32429
-86827
86851
-44367
1949
41047
-97183
65402
-31812
-28717
96114
26787
85614
-79783
61701
-72299
17335
71299
81113
-47036
-52170
87024
-17709
-84429
25901
-73840
13916
87865
81419
-98999
-8795
14175
-90489
85806
7992
-29590
-97028
82154
-85864
-79000
-30559
73685
-95924
15970
-61618
52884
65273
48063
82977
-10999
51576
-97297
91493
75175
47784
-28510
-79701
6199
28692
26738
14053
-2705
-4467
-30205
-72361
13390
45723
54159
-74124
31292
-31929
3845
32099
93155
-96954
51384
21274
71180
70836
-63429
-15076
-54323
91101
87751
-81861
-90387
65673
34168
-63546
80711
-78390
7862
32124
76840
-19373
-59088
-9581
10187
55786
-36097
-30481
-29241
-60474
41334
83144
37040
-32712
-64661
-32989
87109
-54334
85425
-8602
-96948
-41088
74452
20922
16341
12421
99210
-52666
42781
42510
89674
32614
-5296
84609
2245
33376
58561
42468
-43609
56963
18020
25099
25332
-95579
41352
43643
-75876
-28874
-41427
18539
-5819
64837
86356
-92197
-23579
-89435
-83919
7359
8813
-39560
71046
37613
-90586
-19065
-17934
18653
-88602
88845
15433
-44463
-60167
-60200
-73527
-10454
-512
30044
72199
-82530
16403
26720
64521
-40891
-51907
12321
-87299
57929
75133
1593
-23554
-34452
-20440
-1172
86407
-98578
70685
28551
34025
30952
54467
-43390
50977
-13615
7726
15151
42106
-7002
-32975
48208
77608
-78106
64685
-42172
17616
41020
-63761
44147
83045
47252
17594
44658
-95797
-97657
80070
86114
43418
-23052
44928
-66088
-48620
91342
68076
-81596
-27847
96391
-5360
8639
96664
51664
-73023
62581
-63483
-94969
-9257
-10361
-49021
-32196
-36391
40822
-39198
-86788
-37679
35991
24206
30428
-70331
72782
-91996
-13223
-9108
25983
-90257
67641
77703
-85614
-87650
-10757
17524
-12346
1427
61986
46869
86337
29262
67576
58075
-5906
-23042
-83250
89769
-29513
-31302
-49781
34504
59237
89010
-23850
19142
-21512
63539
-67490
84316
-22805
-46955
35774
80281
3211
-799
-37943
-31373
20415
25255
-35363
88567
81074
71558
-30269
4192
23951
-98582
-25939
-55905
49745
73486
-2917
-51648
-45135
-53445
-43418
26444
15152
37130
19782
-16046
-63921
-53595
43565
-30163
-50635
-65484
89110
26275
48930
40452
34074
45491
96827
32094
89561
-22416
-84246
55712
-66677
85204
96105
66045
79879
86587
-22837
-47090
59197
50470
94679
35585
4306
2499
80217
-12614
-86821
-26570
-3078
73102
-8659
-80272
47556
16026
-78439
-2876
57357
-64183
60443
9631
-46836
72224
37092
-25464
-23975
13771
-2231
98279
53430
-73703
58318
51769
-99009
47459
68590
-4752
13641
94432
-11221
-78988
-84439
-34172
-68466
95084
54662
-52588
64121
-65997
3727
68983
98911
54662
-1980
78759
63800
76609
99078
-25695
-10673
17007
-75920
-81325
-51090
67122
98348
-95701
-83461
6283
-10077
-449
-65185
80715
-72404
-71658
-63730
42894
32568
33257
-87772
-9951
86112
-88056
-79493
-61436
-32215
-55077
-86050
55063
31612
29653
-22903
21482
-11407
-53938
-32358
-81687
85451
71523
-38325
-44381
-94629
-55743
-98210
62979
-22325
35497
-69739
25624
9429
99096
75538
-69460
84158
-3833
-89210
20278
44413
93060
-48555
-12213
-72931
85316
7399
59947
-83988
-19701
77072
-31450
-39042
42899
78187
-35743
34869
11775
-38423
-16978
-73432
740
-77447
22567
5259
74186
80273
16792
-93077
86575
11179
35449
-12403
37399
24326
-67890
49888
-1657
46587
-42900
31288
96684
28482
-77118
93802
-10028
38056
-95091
-72285
72926
34531
2485
-27754
-34350
-15542
61216
-79128
-18450
-30431
-31620
-57428
23095
-61731
26923
60960
-85479
39202
-94694
148
90704
-61558
98812
-5662
-50799
-86774
74356
-57507
-44016
81384
-20389
-60461
47092
78709
-3293
-6242
-6874
-34871
-35636
92245
5805
-76435
-29106
33789
-66663
65471
61721
-20824
40614
-15330
-30378
96739
-11971
-93972
-37277
-43654
7638
37570
-57360
-20228
-98626
-91645
-44849
92094
53911
-33593
31658
1238
-64231
-20260
-65095
99334
40137
77018
42757
-29691
-97763
27290
-24955
27392
30931
-69329
78774
27773
844
-33511
-92537
-2551
60997
-97941
99990
-86701
60507
51515
50836
76226
6842
-27769
-57121
-17026
-99300
-40834
-41790
-41035
-47240
18293
-19318
-36153
-40082
85645
28231
79089
96939
-33582
12835
-67457
-42680
-55570
-41385
92770
-1774
-46313
-36923
-41442
-80834
54292
12046
-76949
-42534
88235
44698
-56123
-46052
94141
76963
72629
15863
29708
-8527
-2483
-94880
90280
-16732
87059
-26515
2564
35514
62675
-80584
78610
-74163
53114
-4148
-17968
-58739
-22480
-8179
-79111
-85927
-93704
93322
96286
-12410
-71060
-12565
-78591
-65489
-76918
-23082
32166
57678
52585
-90861
55527
78260
54075
-22509
90105
39801
28887
-92978
-26129
-41154
23664
59740
99671
-49986
10009
-17007
-59176
41041
-43058
60513
-17049
-71834
83147
11575
32150
35834
-60307
-27827
36259
68940
-74096
-56822
36656
-563
-77227
-35190
43198
60264
-96441
43554
63905
28009
-91241
48977
36494
-29263
35653
63738
9216
26059
3361
72529
24627
90768
-38738
-88834
64439
-7501
-25949
32311
-1910
-65106
42297
-65277
7910
6618
-7058
-27089
37484
-97243
4380
-48564
46361
21337
-16371
35586
-3320
-34837
321
71418
37581
-17806
-82297
43167
96335
98244
97191
-57308
34923
-30148
73326
84175
-47847
84377
14833
42898
-12947
-34897
-30349
-75513
92798
11696
-21108
-92711
-29340
54005
36834
-6685
76672
30193
-90
6292
-30868
-97486
-55822
-2445
73944
-11799
94446
11912
-32055
-41338
-26501
44026
94570
28754
-46185
-33561
29000
92469
-61021
61186
-63606
-65104
-39816
40929
-70385
-24002
-13125
9743
-61811
13185
35319
94632
65165
83154
-90506
55905
-64343
-3621
35201
20505
26915
-98202
48669
-35768
91955
19097
-2402
-1537
68685
-91598
-37664
50222
-37600
15944
23340
-51953
98515
-58636
57257
-55982
-24895
67400
-55913
72568
69267
-85026
52299
-25558
22958
38941
22999
-16051
23494
-89026
-25508
73229
92607
26755
4097
-84392
70223
-5602
20444
5952
-45576
-3137
-73796
97136
-49940
-72579
-97261
12126
-75864
-32851
72605
70766
-63397
-37845
-47130
-11212
-81327
-46586
-814
88274
-27387
54309
-18816
18222
98979
155
25889
-59698
-97708
45297
42631
-58098
-29545
77726
-41251
-13084
-85574
-16487
-96237
56044
26791
25533
-68272
27203
23652
-15955
66354
51154
-2249
-1992
-12877
-87389
-18779
52786
36340
66566
36818
38592
-86111
29198
-19072
51221
5795
59031
65486
34333
-24979
-62214
-39207
-65197
-28995
32548
-44264
64417
-11063
3340
29333
23048
27356
-70746
-43278
5905
-88771
93583
2625
39011
33474
-96182
71205
-35169
6675
29899
44753
-15709
-36762
-93189
-66774
53619
-10425
28914
4517
-3928
-95924
-54261
-47000
1493
38428
12170
-2653
12852
-1339
53147
69415
-86902
-17030
98254
-78142
14043
-12899
-69163
5227
-74371
-44349
-10334
81927
28251
-33082
14930
17070
93888
-2371
-29149
2111
43091
9204
-51485
89581
95156
-46386
-97509
61060
-45559
71772
-23170
-11126
31926
-55533
-88478
68484
38311
77767
25460
1961
3173
98134
48163
-8683
-8371
1612
-65844
88370
32591
23823
-30048
-95081
-20833
36810
-36331
-33575
15829
56255
-4299
-46726
42463
68231
-29355
31956
17135
2026
79739
-2429
-83545
44374
-6997
97648
72606
-31129
-1238
-98203
-54375
18894
-66521
47063
80219
-38690
-68824
-58062
41765
-99746
98861
-48585
8807
88968
85377
5183
76692
47282
-81444
-89242
54784
14660
94866
-51982
21950
-32460
55334
-54609
23713
-53851
91335
83475
-96979
30484
22869
-59666
21573
83425
17054
-71355
57548
62834
93995
-21796
-3881
80338
-2685
57791
15211
22704
-65504
15053
-62352
12888
71801
22755
-75352
42875
29514
-95354
-52163
-74668
4154
79407
-82215
18638
-88806
-86317
-54439
-38068
-63102
-67942
1997
-7376
46913
-8133
-46672
-39686
-64078
7685
9760
-64147
-53767
-53909
-89475
-27402
59014
-308
97715
74548
10729
49297
27683
-41583
-88617
-5067
-72357
-73337
-88125
95778
-26460
53293
-3864
22068
-25988
-14763
73370
99424
81906
-58950
-88059
-35013
-55955
29086
98516
-71061
69911
-1547
-12545
-97165
-25676
69332
-16793
1374
14500
91872
91625
51076
79512
70638
96171
-80024
-43839
44288
82678
-9487
65809
14287
99646
59487
-3257
-73127
-25608
-83271
-12442
-39610
45111
29522
-13964
-48393
-99660
-85256
93981
7166
20737
7059
-17625
69205
-51377
-95479
70533
-29945
-60835
-22620
42006
44876
-40538
44546
-30275
-6561
66703
26936
45138
-74681
14237
37882
-8781
43254
19238
-35895
-17210
90612
-27249
-65506
64951
35352
62736
17322
23835
38352
78992
-98781
-16677
64798
-19064
15604
-86222
-87110
41728
48433
-93613
72951
78486
-37105
81608
55663
-97315
45791
-10106
-18207
95263
-23413
-81286
-43614
46823
-94274
-8244
-77862
72736
-94673
67416
83297
39807
24170
65699
62385
-29098
-66431
-55581
9830
98749
-14101
62298
-70359
16966
-47166
8584
-87013
14549
59610
-27878
7895
-3905
24743
-66015
12873
90869
-5088
91381
70226
-83648
-83812
44413
-39290
81627
-29103
85677
-35298
-37776
40376
-29948
-393
1995
17135
92293
61528
3144
4119
-64830
59188
-95967
-43151
14852
41976
-8093
-16847
19454
13135
89345
-27496
58461
-7409
36062
-49639
45814
71582
24360
11325
5873
29161
-89843
-4613
-11523
30336
71781
63604
57009
57116
-19436
-61102
4242
13713
18159
-41042
57370
43088
722
-70562
-16730
19918
-43642
26745
42375
43191
20344
-36817
-80520
90631
-83853
-12107
11039
69955
49465
-57779
-78387
-71069
-45388
-43837
14287
73743
-86057
-36115
-45134
-87745
55074
-71425
-3696
-16320
73551
-82302
-10778
-15902
-63379
-43838
-9884
27109
-30939
-3
80759
-3453
23889
16201
-24238
-5673
67756
-39790
49471
3003
-36535
11954
31370
51837
28295
9551
-17964
-20344
-42954
79682
72367
-69139
-65488
85924
28994
6144
6129
-11528
-10963
26425
82859
-77301
52919
28517
-90915
39344
-99214
-41233
589
-44008
-23832
-73349
95013
58285
-97050
-47101
90670
-27460
-70726
-23200
17501
38915
37161
51425
-46348
-33058
85975
11390
51541
25544
-49426
-99567
-26832
-98293
-47028
-81069
73729
-44122
39900
-62768
92477
51747
36146
-94284
61761
14420
-20394
-90935
-9624
-36899
89426
-22453
-52650
29271
33352
75008
-48112
3516
-30274
5328
66857
-88427
50304
8475
-41118
17183
-64746
76687
-59941
54113
28152
-14901
-66335
-85264
95941
7216
76569
66426
-77715
-72622
-27444
-75994
53141
86140
-49099
62919
64346
37208
-38429
-71425
93517
30664
-47284
72938
-62112
26634
-21575
55896
-45718
14230
69694
5734
44528
7442
-65349
66363
49785
-67339
-2277
-21037
94342
-3115
-81243
-88145
-84384
38020
65604
26542
18083
-74162
-73353
36466
-25645
74366
-61224
31443
89860
-45805
31852
34210
58139
-51988
41174
9481
29262
-10992
-87622
-75034
18909
86570
68963
-91831
42889
-67496
684
96966
-85519
6787
90004
53305
-79943
85140
-55552
-70835
79367
83807
22576
-95367
-85845
-70594
-5918
76804
-60494
-51208
6293
24695
-35052
-22932
-34246
-89809
46421
3535
-77262
-17907
-24933
-90012
89059
-10274
55391
23984
43848
-88274
71675
76846
-73959
-62523
294
-52224
82195
44830
93434
47660
4629
-14505
10368
10974
57538
-64732
-1197
-21758
-34112
-33940
31670
28508
-97258
87254
-3090
33334
4075
59050
73908
-74074
-35511
90408
59042
64220
73238
-65452
70024
87975
16253
-6671
25823
40524
-1862
4029
-21155
22331
-66171
38879
-45461
-41173
-34203
19133
35303
-48869
88743
95764
95895
-52928
-92422
99416
14279
52316
-73300
13863
6153
3279
-63518
55402
-1369
28178
-9816
-58876
-85633
97381
13835
-8696
-45413
68661
-1155
5456
-58578
-47958
60158
-63020
-52308
34969
-32363
97709
-34534
90377
-78212
25409
13659
-1373
-80040
42323
23908
44440
-79731
-14778
88758
67992
-37752
-36168
-73729
-93741
8246
18852
-32698
-2958
-25337
-96992
60163
44454
47586
-86384
72889
-74619
77804
45014
-26899
-86885
-55001
49870
87209
82640
15268
-43652
-51617
69080
-31652
-302
185
-15802
62856
18789
7882
98079
-5192
70599
-20781
-84499
-94773
-32788
-70176
85425
97085
-57839
47141
26347
76948
74091
-13175
41010
64977
71025
93858
54035
79330
55669
48334
70476
24445
-58877
1806
91064
-97500
36391
68732
36383
-18589
-48538
20707
-29736
-17223
62515
-43300
-14067
53306
-82342
19304
63376
-45983
67438
32720
-40436
62216
-50932
-16801
-96309
-97238
-62903
27159
76834
-86895
44524
80064
15226
-75877
11686
-62478
-32019
64408
-770
55125
73675
81710
96295
85316
53048
11693
16786
-66910
-53632
-95059
63722
46579
-2895
93815
-2488
26411
-20696
24451
-26032
-30327
78464
-72981
-23802
-72632
58329
-64852
-33305
96880
-34655
82397
4436
-83453
74748
34656
90509
65764
-2111
65835
-72102
-81087
57832
87853
98918
-35500
-17349
-32453
-22165
28485
31770
-52975
-68044
13728
-24779
-3441
94881
-43050
83961
45610
61562
-10209
26410
-35301
10769
570
-20605
86343
60383
-26890
-45303
57302
57731
12213
-94042
88052
92529
-83863
-4371
-58650
-18704
52166
70318
-67914
-46882
91579
-13795
-97503
78364
44955
-4686
-27515
64133
-12856
-12497
-61770
-57101
-19301
-90946
-60532
-72281
-84677
38769
-43624
-20759
61715
15282
-60808
90220
53197
47237
10585
90220
67211
93298
-41993
46934
-38460
86091
-69835
39302
-62527
-22135
-63039
-45532
-90308
-7304
-23357
-68089
-36360
-36116
42327
-97146
7795
52832
-80506
-15516
65022
64572
-13433
61140
23556
61948
-92978
-82556
-93524
80062
-57554
-46831
94657
21116
23467
21382
73771
79631
-9896
49852
27209
79202
83260
-85852
-27919
-69916
24297
93486
66485
97103
-21843
53259
45319
-7077
50962
-86964
45685
-48835
-9964
36306
96745
32623
91581
-70904
-61005
-93704
-12902
-64203
-57444
-59397
-33399
-20171
92592
71679
83263
75965
38445
-38138
18928
73982
77309
8915
19989
-78948
-76833
65056
61972
20897
-93177
-92942
-30087
-53389
23240
12365
-59036
-90644
-71763
79316
-80299
-69656
-37748
39811
47475
-23312
-60561
43898
89462
33400
-74598
-90767
84375
75448
-28123
14518
17128
37603
69308
12898
-30161
22185
-37089
66265
79885
47801
-72763
35425
39063
-21688
17305
35186
76027
-38198
75798
-27299
-19920
67897
19072
-5161
-34703
68919
-69675
-87522
97840
73881
-58800
-29613
79076
6372
-26418
-65634
2361
27315
48439
95352
-80148
-78156
-99177
4385
86457
-58459
-35558
-23056
-3994
26661
22432
-34635
-79067
5527
-32097
-60387
50943
8990
-16495
-26723
33286
-62175
8373
-99283
-13568
-14290
77239
57987
61063
80612
37173
1117
-82790
6093
90994
26199
60589
27351
78696
-61216
-98248
-79127
32616
58216
-20123
-46167
17025
30464
-71581
-98262
90545
18853
31682
8505
-50088
86368
56945
-10684
-51156
8020
-20339
53537
-85372
94681
-64176
61388
-89532
-17489
49488
-65105
-70631
-60942
-29260
-23618
161
78658
28599
44664
23619
1019
-72080
94402
87521
-18768
-1714
-61533
-27554
-42306
-47249
-99504
-21459
55952
62163
12214
-32050
71237
-6858
73678
-11086
-29400
56635
74097
96763
18504
63691
-11839
9829
4199
5397
-82914
-6327
-18144
8471
30173
-40697
19473
15410
-77445
-48983
-30543
5069
-17944
-17648
34816
13821
-72258
-68299
-75319
21405
-29201
48083
71984
-60113
-80146
-59679
79404
-80763
16390
-34635
83467
66047
-49262
76409
-39861
49235
80082
-41080
-45295
-10424
92405
81450
50981
-24771
9800
-94319
-72092
29359
-86182
-11360
92021
58103
-74944
-52805
93354
96314
-50429
98714
27476
29614
1000
18219
-75111
-22317
-65701
43088
96723
-10862
25796
-91707
36921
-30650
78430
-98752
-95431
23283
73212
47419
-15163
-83462
-8530
2598
96706
96336
57274
53280
51565
51607
-40168
30359
-76206
4517
-38971
-74043
58481
-85149
-14376
-64926
67405
-94686
31782
-33544
96580
11590
51663
-50198
41771
-68557
36151
61714
-17249
50123
-213
69765
15609
-47313
23763
-79552
-54579
38059
-93211
-55942
68281
-78597
61905
63931
95313
31106
43866
59881
-19232
-78689
-86352
73702
98130
10627
-69747
-84793
-86880
55127
-14907
-75888
43155
80375
84753
69047
-83170
26000
-71868
66431
-33786
-72801
-53104
-79922
-60550
-50439
65641
-48067
-55205
97772
-45138
59345
85234
72030
69061
-65490
51642
99525
84024
-94281
90633
82886
-34037
51941
52270
45357
-49255
-10399
70954
74034
8570
90752
-39977
-61683
-86206
56123
-49530
-83103
56179
55384
27767
-83323
-47852
19723
-1677
-92124
-25448
51555
-7913
-72123
41506
-56975
-29425
25422
-61401
89717
85998
-24228
-15220
97542
-4255
-56163
-70684
-81732
73825
73839
-1533
17626
57488
13058
10601
56089
77926
32508
-75099
18916
52882
-92539
-17123
-54596
-48077
-71353
-63236
30100
-53686
366
14235
75525
-30139
3652
18263
98657
-61323
12734
62925
20351
45175
-27324
-45749
-41329
-13383
6522
37890
29058
-26853
10863
83559
63100
82366
-75399
97764
-2099
-92915
-68396
-43135
85847
78957
46326
-91731
-89214
-10404
82582
-9214
-34400
63165
-99798
51648
-66555
60076
75054
-22061
83144
19423
-96089
-51078
60082
-2597
75448
-39596
4353
-10206
-85186
-95369
-41858
-1125
-59641
52023
77858
52664
-81746
-62283
45682
15807
46413
4716
-66830
11791
18364
12527
6081
-50321
5262
64626
-99802
81178
38154
-98230
-41810
-76051
-2212
95843
-98388
-2618
9618
-47404
80747
-59229
-1612
-2053
81101
88506
17702
91208
20945
58587
46736
33266
26179
-37049
33801
-73355
-60197
42494
-57289
82675
81936
-11810
45120
83159
14039
-16853
-32494
-75706
58791
11581
-17873
88152
47085
77477
-45801
68031
-52176
-33344
41053
73309
178
-68761
89787
-96844
54510
83409
262
-21873
-26674
76891
-46930
20463
9393
56367
-32881
5047
-2038
45683
-36150
-94316
-57674
-69021
15489
-91313
-78681
-86146
666
1369
-60975
-91214
20080
98414
59586
-1195
-33169
62364
22052
28399
-97851
-90907
-46968
29933
-35114
-36068
-45452
-9680
-35830
-12554
-14383
8479
45372
-64802
67907
-1648
10285
-20759
-39296
-61420
-81983
-97716
30393
41267
-53909
28953
96742
-5438
58823
53758
-89817
92448
-79066
-27303
19362
55420
87396
-68320
67143
71782
65740
26054
-48176
-80175
33767
-43110
97062
-98141
-76683
17226
-4886
-29206
56158
16154
-59682
-90142
-70545
84320
-4555
70221
42001
80164
-60696
-44083
-14199
-32434
29775
24057
94295
-65969
-49688
43113
-91549
8777
61336
-10903
51232
-34690
-33971
18100
88767
22128
-96523
-44068
-19542
84869
-52540
-87342
53007
-51693
-94249
57260
-70844
67601
-91101
-88047
29134
-58726
-90235
90332
80132
16088
-42583
-45101
97705
28834
-38179
-75497
95383
-7179
13010
35037
70903
8980
32378
-51105
-95115
19220
32652
-7809
-25598
89549
-41324
-84922
84697
87128
-93488
6514
65665
6290
41447
373
-60962
29570
80052
-84345
50327
-13897
69499
-94268
-53494
-90032
32516
47602
23599
15515
14635
69720
48553
-67551
10142
77596
55808
-53573
60507
-83302
13494
-74923
-46779
-96720
98193
4412
-10529
-83586
46476
-49615
-15286
-45228
94020
-1919
13838
73328
28789
-87482
-95635
68741
-45613
72616
56982
-88087
-50271
10414
87419
-44536
11360
53726
-90373
5857
86405
-75570
-586
68399
51869
-51625
-69813
23477
-48301
-51618
-77303
23514
19582
94947
95483
-24061
-11960
-15764
53873
-75763
-7513
-80125
-44362
10993
42601
-69292
65883
18855
72058
95827
-68527
-35454
-45600
-51173
-34960
82310
-82409
-15471
-73127
18788
84666
74442
-90406
-82934
80584
-40923
83727
27116
88276
-42449
70377
-98904
92242
-39756
45266
-65085
-76876
95304
40055
-60456
-87537
-29452
-79898
6216
-7585
95475
65112
-26729
-15148
75970
33666
-52901
71266
-82828
-57341
13758
50037
-72915
-75484
-76354
-85060
3037
-97197
5147
34599
-41245
-11101
-60438
35423
-41191
-917
-31606
67122
-65338
-72189
56153
-51580
27320
-89531
-96074
43928
-81541
85072
68460
60811
-21951
58387
-24001
24483
-46650
-72463
47117
41931
70700
-22171
-68581
11262
82339
-16529
27918
-40652
84206
-48799
-64529
32238
58317
331
21806
73595
671
22157
5751
65824
-61059
-79001
-78666
-61951
-96892
37007
-75735
-28685
-25273
-63823
33174
-22921
-48600
-92834
-67263
-76843
-90259
24565
62197
-74166
2479
16760
38777
51173
-81537
-12467
8429
92358
83279
13101
-7149
-76384
14598
-14650
-48201
-20672
-50953
77613
-31155
-99845
13588
-54103
81262
-44653
12432
63822
-31537
-79980
95189
-21771
-54795
40608
-22236
-2138
-42356
-56874
96362
75433
19277
-67799
82532
99167
42063
99334
47313
1168
-37735
-77818
-80629
85244
71360
-94383
-61045
-16727
12220
-28586
-33716
11136
-99324
62518
-17125
30867
17748
73306
88969
-58041
-18071
-56320
64840
-22698
-11248
-85286
-26860
6228
-33364
73310
88976
73647
99372
10890
-29308
-93804
-82107
24628
89594
-70217
-25713
17090
3608
-8166
-90436
-48991
19206
-48045
-54265
10655
-34961
-26385
-92853
-46926
59661
-56206
-36319
-55400
90791
-28155
25213
41084
-66045
-5834
50795
-73294
78945
-7109
-88447
-87741
-83762
-83323
17478
89550
68749
46018
-79211
-82098
-42799
-15920
-44187
-89921
-2895
-36384
12338
61574
18160
91266
-86360
-20246
58916
38402
22510
-44681
64495
-73725
-73157
-24159
75927
-29095
-96154
-31982
-4066
34145
53412
85086
-79995
25279
-88971
53488
-91107
-41693
-671
97008
97099
-10977
90032
68073
-22781
14528
70456
-57546
-94090
-15943
1129
-39680
77929
67437
12668
-67530
-39059
-20079
59439
-13962
56321
-96628
-95078
49535
-29818
52438
-91141
-85593
-38625
4412
46481
16127
-24222
55583
-45511
-11644
41346
-33942
-70567
20728
-51626
89589
67473
65592
1131
44709
-53558
29027
-23894
64226
9786
-60012
-88230
-35521
86079
-54963
-35008
17439
-7220
-31345
-71903
-59419
-90548
97934
-8504
-76887
91654
65562
-23897
-38214
-80891
-33134
-29998
-70956
-9936
-92358
91495
-17016
60264
-20649
54520
-28931
-30270
-28288
-73360
89415
27230
-17840
-18829
52965
-13538
-86712
-8207
58535
40307
-92553
-94097
-56278
-57736
73052
-45018
-37598
92774
91457
84224
81971
85238
-2722
89342
-85943
69004
-48307
-45056
15182
14389
86668
39024
-70191
-48208
27594
-88177
86319
24045
-63110
-6893
57365
-48340
-43003
-14390
-5962
-94823
-20414
57705
86705
79955
-11241
-48985
-73364
62475
-68754
-76822
-5362
11463
-69759
-74210
-98317
-82135
-57950
42074
-41256
-46787
38669
-69571
-14703
64490
48414
-72648
92451
66912
-48917
88293
-63680
-74869
-27310
-29968
-57913
73321
61929
-21564
-7297
63516
89317
62095
89976
-58261
44874
-63826
-32441
-34567
-39880
76041
-59569
-34717
96566
-17920
27486
-80618
-25535
68759
-30341
92069
-20419
8353
-89891
74224
72689
28357
24714
88860
76701
47918
-81694
88211
32827
55493
-81202
-83507
-24301
75994
-13208
-5705
68765
32406
96502
-33654
42461
-32638
-53536
63521
-76713
-44251
4076
39945
85834
60814
-53721
-9425
2726
-23741
75558
74064
-90481
-11838
-32162
58260
-33538
-10836
58650
-81128
-63776
89955
3793
-91470
-53
-82022
69124
53589
-27278
-20971
-99476
-15076
-8524
-36503
-76789
87482
-92041
7700
-82073
62760
-20975
-82803
-14761
-79889
15139
95546
77977
76530
58678
-82608
63252
29184
66267
96446
-11054
63477
16747
-94738
78596
-3642
-83584
-2689
15014
-81879
-60554
-59298
-40041
-61324
-38885
29039
-42022
-68250
-51846
40058
-28816
-22297
-29623
99827
23266
-70013
-41626
-61147
68673
55934
-47495
62044
20827
9935
-63287
-80411
-75991
-38727
31007
-67507
8578
98571
10763
-6235
31742
-56931
-99680
34126
32984
-15811
45346
-5423
18223
-14237
-24101
62693
53121
18524
-88074
-79419
-91531
-28737
18077
31844
-40575
42602
-63699
69116
32319
-88823
-69444
-52567
82733
2812
-86329
-713
51603
-55897
-72178
65610
-18898
16170
-6473
90430
-5270
-69996
-27698
3966
-82815
79299
57588
72816
64735
6627
-43430
-87124
-69120
-96333
-27884
42027
-74945
-75071
78276
-35369
63012
30757
-67123
53724
89565
6094
34092
57104
-3905
67887
92689
95397
8012
-53595
87368
58607
-3522
-3565
-27440
99281
57319
79817
-79227
-27083
95809
30983
-92748
-51413
-93913
91706
-69142
-96494
-71125
92892
-36661
16194
4546
-57595
57886
44603
52505
-24659
82580
54859
-81769
-91441
71628
-46667
82042
61040
-63714
47508
9036
97330
-19042
-80890
26466
64317
-95006
-16958
24596
-70748
79434
5718
-7236
86478
-884
-9274
19674
-6426
81799
65915
-24378
68687
-30051
-39873
-56327
50747
1106
23319
-61602
-55135
-9621
-29883
-28045
82648
-92027
41532
-82716
80226
91914
-48954
-55884
69297
4061
14334
-83687
93403
-35117
89500
-76339
6345
69459
79715
79431
1752
-461
90451
91878
13527
-39392
-64475
-20581
29695
-24291
-63691
26700
84418
-62762
89090
1601
76282
1629
-30094
-54627
-13862
40620
-41659
71522
-90706
47159
-68174
36294
49690
-85757
-51786
98133
62105
-12945
8742
25881
-88623
84257
-61285
-29139
-67777
35833
37467
-13719
-49175
82053
-30981
-89946
-64230
-88371
-26841
-92867
35668
14225
48663
-3146
83320
58642
-8953
39200
-63313
2378
-82912
75566
47790
-51973
50284
-87505
77353
53282
-38602
8749
-3174
-23985
47279
13550
-31990
-27454
17598
839
-98158
36679
12240
-63308
-86003
-69130
74079
90992
-27223
6855
42150
35774
-20421
11013
-35972
85284
6594
-76574
73547
-94867
26252
-78965
-32239
-64897
-52570
-24457
-75057
-30147
79348
-19800
28099
-27965
86157
72517
-79663
44543
-31489
-39489
-39172
-67700
62569
-57824
-30019
-11614
32812
-68553
-24719
1950
-75343
-39102
-52140
-11283
-2215
25492
-13188
38783
-6709
99137
20718
81572
86767
-99044
67529
-80465
-3432
55565
75915
15458
-12027
-49721
49736
-79612
-21731
-94274
-88313
-11311
-6121
95011
79338
-46261
-7995
2057
87238
28909
-16002
52611
-4103
-77234
-76920
-47874
-24379
-42032
-66197
13929
78279
-53486
11113
71665
-27922
-46314
12653
-81800
35092
-75431
-94148
-27080
76017
-34887
48458
-87582
-3695
30934
81384
40655
-75381
71998
-4185
76678
-91811
80163
-73373
-42115
-22720
42333
-16342
-86320
12505
-54889
19434
93999
-31818
83379
37049
-71854
44637
54503
18927
72670
-95576
-23400
-42362
57537
-48217
-39225
21778
42671
-63428
-97548
-67300
52152
84640
48573
22883
-4255
-40370
17281
-72260
-89677
85936
20091
58217
74673
98183
61587
-9331
67199
-404
85801
-73084
51494
-63363
98805
46833
-33340
94839
-20594
65474
89373
37805
-66572
-87790
-71958
-17315
-35925
37941
-56845
-82828
-23451
3932
-79285
-56513
-6745
-96964
89804
67703
-76335
-57278
8619
-19461
96134
-99325
-52222
20975
50421
93825
-35857
-15833
-88797
70256
-80438
80297
93705
-99704
-65158
-25459
-45093
62282
-67045
-34714
-69845
89381
-21391
-23691
-51811
-26811
-95677
-28985
-46176
-42179
-62090
91432
-98646
61711
96689
75750
5410
-2540
11313
59684
39119
63263
-36543
93140
-4080
24260
75357
-85933
64510
80550
52049
-75067
18353
11359
-12902
-94848
3065
88701
89546
24966
65820
-33097
45545
59793
63872
-8175
-18848
-56270
-65032
-9032
91041
71429
-16386
-87333
-15889
-28758
-38279
-45795
-66560
-63800
36048
20555
-21321
-85275
9563
52056
35613
-53310
-42741
-70851
21440
71202
92118
-24398
-74425
-28818
-4882
-9981
91127
-38791
39813
8603
-32586
-71941
-36082
15833
-39343
-14078
-49892
99884
-63108
-78336
-84000
59673
66502
-4185
-17659
49305
-30289
-75715
-273
-11264
81708
-89474
53390
-1625
10014
-33842
-12541
40525
-83598
-25487
-90941
-95600
88030
-56752
18588
38989
41953
12313
-47287
-60603
-76305
-7916
77146
16391
64111
65563
45300
75803
13944
76103
-81675
-38769
-6714
49675
28929
79174
32553
83711
66760
-89908
92728
-6247
-50350
-14612
22620
-19806
41508
-73262
45302
40975
-95909
52804
-34743
-72047
-31309
-54730
-30485
93577
-25185
94191
-51748
88645
-88582
-27424
-57146
13684
9922
-55706
-26736
-98703
42940
23739
10834
-79729
-69376
98548
63297
78801
15843
14181
49337
-17065
-41444
16560
-55314
89354
-51708
-84311
60586
-53410
33386
-21966
-58977
84447
30832
-97439
24024
-34152
24525
94493
9422
91714
548
11023
75503
39980
8762
-60278
6976
13521
-56812
-11552
-56119
26665
44487
39396
-38925
-60136
97954
-10373
10265
-48704
21899
67457
-92561
29593
25282
93766
40524
-74257
-42592
87731
-33721
-39441
87593
-72126
81848
70631
65568
-88282
94062
-68531
74461
9074
-48329
-82843
-63076
22089
33664
-82273
51461
7385
-51183
-68820
13929
-5039
-99706
30926
-88350
-31961
44468
-37163
-17789
72346
-45205
-89356
-31570
-81379
86964
-82947
25606
70343
42383
-64256
62831
-3611
58323
-82161
-32203
86736
-1713
17781
-79660
-20244
7045
8165
94218
-89992
-23191
-36479
-36527
58944
37547
25397
-31655
22368
-98764
38648
-70701
-32201
-79935
65061
3983
26840
43619
10697
-6226
18234
-74282
20663
-87546
21428
-55821
-14625
12684
-77531
17988
-8576
84120
23694
-56250
-17838
94246
-81153
62757
15760
-93457
16953
19805
13240
21254
47210
75940
-3058
-10025
-36856
53128
-56188
69815
-42716
57986
54224
-53436
10955
-72081
38232
29671
53803
56326
62094
16371
23902
-68401
3619
-55640
-75218
-72906
1565
89579
-48823
-43281
-5382
81146
62806
12608
99367
72661
-62301
18283
43188
-3000
-55595
32314
-87008
-60894
62839
-63983
53921
-68887
-17638
-87564
-17620
-95664
-3921
-84460
94287
44109
-20637
62639
-2776
-67139
-54251
-13448
14340
-7446
18498
-7696
-68887
80187
-80605
-16181
-67105
41879
97015
-88245
-4955
65055
42950
63897
90711
41361
37435
51483
-3963
-72745
-45829
23180
40533
-308
-9716
90214
37548
-65443
52601
43074
71596
-52291
25012
45933
-41162
-51701
-84217
-81368
9316
-14064
53978
38829
-54216
69000
29533
-72910
83788
-75205
53305
69219
65867
61284
-79376
-82800
67188
-32685
50957
3138
-56024
-32236
75197
35423
-71084
-42177
-75356
24730
-41546
53509
46801
14932
-50968
10253
51157
-59975
-10346
68043
-7471
2041
-1186
40645
-89701
-93714
49706
42571
21834
-46708
83591
-87358
-5962
-77973
-38987
89043
-67743
-87897
-17167
62311
-52425
-25362
-67083
88194
-70568
-17126
66799
-93399
-11695
15098
-50225
-41935
-23690
35721
-96392
54781
62431
-63037
48076
-48612
-17123
78592
-49098
6198
-22057
-50149
-13579
-78547
-5908
54430
-86881
36862
79226
-24358
15899
-67895
-46207
-48305
-77222
-54265
43212
43578
-30866
23922
-68584
2514
-47594
-53750
88593
69731
-22088
39237
14053
45172
5600
86087
79897
-86805
40401
71822
-5805
-98953
-9306
-45103
-26810
-86839
42018
-60782
-46621
61845
-97445
71380
69828
-3837
66185
-75613
-43185
-87724
32805
-24216
-64653
43004
-1003
-17759
-38085
24334
-31198
36425
-62035
-54718
-64283
-37111
14678
-87706
-31234
3921
61089
3511
-79218
-65575
18316
-75744
-12618
44676
31103
60918
14783
22344
-85903
70357
-35078
-63748
-99890
-33612
42578
-82396
-70457
97084
-71380
-11434
16495
24188
90855
89024
22973
-32270
26205
-4267
11947
-32819
-13700
-19743
-65394
-16125
-20033
99534
-64952
28472
-73423
97057
27374
18430
74968
-10300
59705
-45059
96757
4787
-10220
-43029
-63423
-32489
35482
-81953
-72696
-17357
-37818
88405
-42668
-90170
-11392
-65362
-56883
-27332
87565
54662
7385
99094
-19454
-69702
-85833
-14797
75418
59142
28984
2664
7623
-18041
8292
-6454
-67700
15482
68470
96940
2238
11080
-13886
56154
19387
71142
48356
-8558
23312
64777
-39865
28927
-45178
7815
-31931
-77514
42585
77293
12179
-60489
80195
-57690
88456
-56578
35680
79789
-92894
95279
56358
41588
86543
-53291
-45576
94960
4513
-90235
-2417
-6129
45032
73745
-43188
59190
72427
-62204
91526
77144
-35699
-8547
98552
-79433
-22718
46669
31998
-12290
59620
87040
68873
92253
85133
57928
-23711
-77928
-57997
7316
64080
-12800
-84637
97314
14482
6290
-68340
58944
42262
32622
1872
58980
44376
-87204
-77428
12508
-92035
68931
20719
-27446
-43710
32070
17405
2046
72245
30528
69791
93688
13915
17106
-54862
-44909
-65718
-91578
77598
99003
-24261
-42745
-9491
-92134
-67756
-46483
40461
95671
1660
89824
-2583
-68638
-55587
-8315
34751
-99800
55510
41583
47129
94733
-90284
-63233
9872
13918
97063
25403
-71450
-13287
-2139
-47087
-22646
51674
54473
55816
-87862
71036
66885
-2738
55446
90360
89898
81424
10992
-74203
-12255
-86704
58798
-90392
9627
58941
71165
28865
40021
999
-15086
23542
-6042
46972
27278
45842
64797
50359
-11545
88196
23890
37460
26430
-97933
-9325
87032
-16121
-31940
9277
-70337
1965
-6302
46542
-98368
25524
-22817
56261
52912
34569
-18163
-39969
-21053
-68199
26741
3091
60074
72028
-93603
-32787
-29782
-5064
81237
77619
44741
760
97721
-36193
-20811
-88783
9458
-41553
-25320
-75861
63200
56528
-78097
-1636
-40858
41571
24588
-11556
-98759
-76352
-64675
8515
47087
90479
24191
479
12275
-82494
70025
52890
89271
55846
-79061
-26444
30285
59644
-75850
45229
-87643
-97751
-12553
-66604
16708
3475
-96927
-37409
68207
67364
60699
-75172
-82323
-32768
74086
-62428
-14916
73782
-19759
83713
85295
98243
-99016
-99499
54677
-67321
-88210
-4343
24188
90517
-45443
-37263
11158
77912
-12358
74622
-40954
-25807
33774
45187
38569
72877
-35318
-96037
-65525
42477
-6744
34860
-6839
10649
-72793
-20516
-1687
21272
63186
-12279
52513
11171
83195
58582
67778
36142
96914
-31923
24412
86327
-85689
-9675
-79715
8019
-84713
95110
-50633
23641
-8939
-88334
18583
-73904
-40078
-5603
-62192
90668
23227
-82220
47853
39683
58020
-14124
70737
28234
35876
-39054
2397
-78016
-73635
-6435
-30327
-54908
76190
64037
43941
-50900
-80586
-75161
-6266
-57538
64542
-86836
-38976
-54471
-90207
52192
31869
80920
79482
-67568
-74403
742
68093
-69445
-1915
60976
-28510
47903
-50692
62407
71510
66629
6508
-44139
26573
4376
-77548
77080
6114
38090
-96647
-16848
26805
-86774
-10529
65125
-48865
65471
13119
2027
-48991
84317
-93909
-54940
-66228
-25137
-84269
61604
8057
-86818
19989
-11269
-85813
84731
-96184
12402
-8675
44148
50088
-61930
-23292
85407
2929
40673
-7977
38674
-6184
59431
-20638
-9224
41157
76109
60322
-24266
41826
97379
-25218
-25510
-69556
-84286
-68409
-94944
90404
50512
-25664
-87320
-98563
43548
-3658
87822
-39753
-75125
24287
30287
-26815
81005
67650
89869
56936
95734
61854
-14674
-55604
-11311
-78494
41210
62511
-75991
80810
-11961
-75965
-88353
-36274
-29988
-96713
20081
-1570
37109
-54013
-5392
99578
3725
13169
83763
5476
-98167
68476
-25543
75140
-76258
12580
17685
-7808
-9763
-57021
-51816
18025
91735
11953
-51458
89433
-92485
-81275
72808
99380
-13726
42919
-54661
78393
51411
-32057
92861
-62919
-69445
10545
-81262
-5527
-98270
30860
-17574
-72204
54227
-26368
74834
-18308
85371
-3610
76840
27054
82852
99292
16664
-69819
72501
-36578
-84967
41662
-5554
-77499
-26838
1269
-42061
60401
9161
-30177
-75812
24732
1310
58857
-43142
-95192
-79281
49017
86225
95892
73204
-71551
30671
-55448
-29929
31722
-96224
-25510
69754
8851
77819
-85413
24945
-85891
-39864
78845
-29317
68204
-46681
-60975
13737
12143
11819
-9790
-50134
59873
-94093
-6397
-82954
54382
-79269
-12308
-51117
62290
69790
-45778
-83728
-35456
-89407
-58178
77528
97510
-85780
46590
85620
62632
-65288
-71037
97998
87922
4455
74926
-3456
6529
54823
19837
11555
99795
71767
-77078
-44096
-86155
-86629
-95151
65967
-38493
-81193
20831
-29800
12462
37590
-21164
14324
-54647
95317
25136
49849
-47011
1996
-97590
45819
-43639
87442
33639
-7141
47773
64457
-37007
-90169
21378
-48344
45863
-11720
63749
-27683
-98031
53038
98365
-80777
61384
89676
-6312
-42993
-50217
59138
-90878
13676
12116
31285
-40644
-3236
-71908
98902
41922
15664
-20288
92199
-9776
-4400
45181
-72018
94873
-59767
-59202
-35006
-87888
7490
-96349
99665
-90745
36382
65804
38144
45923
-46478
-10692
-31050
-53418
6038
-58620
96122
40329
83504
63717
64865
47014
2229
-11572
-93856
-50158
98208
10934
39356
-95471
36256
-25124
26732
44476
47456
-17347
-23234
60667
-5595
72363
29265
57306
-54259
95825
55296
16709
-13244
89038
59840
81902
88024
-95616
-79685
-3629
-69345
96940
-74949
9886
-65157
62527
42708
-40320
-14442
-53288
47705
-71384
-29576
-56443
21457
90858
1460
-78490
-30279
-72852
6471
-58341
38199
29194
61414
95613
-9649
29517
-49852
-88405
-23775
-12543
35711
-3905
-43829
-25231
74983
-30682
77724
58108
-99013
11733
-26930
17043
86221
53513
-85753
87524
-87001
-88784
-33349
-11082
76097
-31376
30762
54835
82953
-39111
-28391
-84932
-68071
-66143
-35383
-12150
49741
41002
-35856
77648
60628
-12425
-66140
24238
49391
4419
77469
53592
-15339
43539
90574
-34231
93325
39285
-87668
-54183
58256
-41958
-29057
-21877
68719
70582
-39205
43531
84266
-52043
-78108
92778
-22178
-62528
-65450
79373
-6305
47190
4379
-60302
42010
-42302
-24399
-77834
-85384
-49864
-84372
42362
36521
-39174
-85514
85577
28127
-78105
-51303
42029
6572
-66130
-61212
-83847
-20063
-94601
-73237
11453
-4109
28173
-79262
-41764
-46210
42232
-14688
-44851
58190
92750
-7600
-78952
33590
-26635
-20442
47883
54617
50050
11526
-72961
83171
17416
99756
53319
15827
84156
77136
29811
82084
90031
-54608
-78157
-69153
-79521
-98840
94064
8214
58510
1209
95855
-97462
1274
-54327
7416
51351
-24391
-79189
65163
-49035
-16216
83075
-9172
-34544
-19937
78941
-28672
-2928
-45382
-95190
-32118
48545
-3335
79522
2705
-34438
44631
-67060
20032
98583
-36907
94830
-8151
10936
10020
4878
-74833
68435
25831
89999
-63113
-34218
12903
-6203
54357
-44877
96106
-5134
-26547
-21100
35966
-46305
28628
82230
6718
30699
-97456
74743
-59393
-51763
-27707
-70440
-71480
-55835
-41434
-21868
44803
-49185
94518
-89650
80774
43020
-17950
-36689
-48773
84973
16986
6022
-44630
-64606
-91601
31338
-79614
44447
93231
57856
13160
-3007
55736
76888
28189
55226
-63029
67840
-88433
96029
81093
-84111
-6090
-6812
55449
-14780
-42289
27808
32817
80496
75700
45718
-79988
79975
-85410
-61374
-82250
69266
53448
-35550
47712
-7136
29467
-56200
-56132
92571
-52275
90921
-56912
-54165
6181
69305
-67182
32850
64742
-98174
-95083
-77792
-38377
-95472
92431
-22174
-17501
46383
15602
-50551
-83347
46451
77568
-66114
81639
6251
20590
60458
85285
26008
28019
4223
-80678
-3632
-93499
8359
76589
-37291
93922
76529
51600
68404
42052
-85928
-94351
-33258
59598
96988
46203
-82953
55546
3989
-19021
26222
-85191
26923
-55080
-30871
-37471
-85716
492
91823
-21839
-27877
-93662
-1641
20534
-91732
-23069
-27914
60086
-60754
-40693
83557
8542
-35692
91253
52513
-69186
-19627
71798
79070
-89400
40746
39090
69246
-31687
-53148
7097
61810
64848
10303
10790
26213
64987
64859
62147
68717
-40707
-82286
13576
45576
66311
-86541
36847
82639
54299
-64032
-24570
41372
25927
-34202
88197
-47784
16096
-67861
44287
-39878
56949
-45286
69311
72969
9376
53147
50390
-4136
-64220
-44027
-5204
41271
-68642
80930
17043
-79383
-47894
-46537
14374
55419
-27463
-7241
-91526
-55356
-73567
53625
82262
-74912
-41645
9017
71594
-69657
-33069
62919
-39863
21478
8419
-56591
-1862
13007
52692
55828
-2204
-77716
-20773
17989
61180
1070
34310
71261
19695
-4576
75021
-21975
-9631
10779
-4068
-90831
-99136
10963
-34377
66663
-65983
-36692
52364
21586
-36565
-60725
15097
1807
16299
-24631
-55153
18607
8051
25424
30920
-68872
34134
86605
-45407
-79131
35351
-69054
50745
56065
-81568
84389
21679
64191
53754
-50778
94481
-86440
77680
-28669
-35132
-62266
-1677
21329
45187
-10347
5662
-18917
-39769
97227
35576
57689
-15075
74560
-14024
-4891
41890
-13527
84910
84963
-76202
53634
-80606
-6975
-73320
-70999
-23481
12649
-83519
-87439
52586
-3765
-53264
-48007
-59890
75348
-29599
98561
-64524
-92451
2555
29070
-64660
-32865
-42040
24498
-19414
79552
78063
-9289
66254
2386
-35784
-79954
-44697
16929
16948
-45719
91360
-77439
-40848
-45741
-21516
-32573
-34060
77282
9255
-66950
55362
-77743
51900
-67786
-78366
-30673
-48216
-51440
-63059
13985
30299
-13280
-9590
-7161
3930
-809
-728
-84744
-87002
-62974
-17194
-87883
39490
45723
-70987
55556
-85011
95615
-16741
-14856
53412
63492
-66886
-23242
19201
-37360
-54672
-19778
99032
88835
12995
-65634
89304
-93955
-48105
-58818
19845
82346
38117
-59163
53658
-43457
96431
31142
-80125
-66138
-14747
-63455
-71050
70619
-48827
70457
-44231
8751
28400
20206
52633
-32459
-4442
80854
-50188
-53037
-20255
-39539
51467
15706
-31353
16517
21462
26078
-68230
-56003
83633
45007
-47478
-46786
-72475
71986
-61842
-20627
6809
-48762
72296
-99553
-1195
56580
34130
-79951
-40631
-22765
-31545
35774
71981
89419
-32279
66596
-52144
-65106
22536
58687
28253
66539
81222
-77700
78458
59057
53333
63548
-50246
20753
-66983
-68296
-59027
-73925
-69957
66716
48574
-88477
85201
24566
-14055
-85945
-58576
-12764
-93193
-38939
18555
14524
16289
-7912
68172
-22418
-29577
-27398
10211
-12716
42070
99057
38843
65050
-26567
-29251
87254
-40946
-7458
44732
-43474
-85219
54643
-47879
-73829
85773
86043
70317
60234
70500
93716
-73441
24894
-5419
2650
15250
28506
85775
-6982
-326
-49143
40067
867
-42621
-69503
-93433
-54771
753
-99251
72664
80977
50729
-69785
29448
-19920
13224
-8442
-54759
-23333
-7833
-76886
-36284
39661
53970
15991
-86429
-37134
-12907
76936
-25895
-42742
-17263
45893
-50676
70023
22442
-60921
-28746
95549
96354
-92434
52467
-87493
-25850
26889
29388
-23160
-49200
-33617
16025
26174
-19413
-34452
-8553
-89171
88873
528
65613
-70973
60791
90414
-88835
10301
8783
6297
-20628
-9416
24234
7212
-24135
61672
-99355
92529
-22717
50541
-64615
61679
-63564
-88395
-78395
19223
24970
-63411
-56267
55670
-55354
-48944
-20623
-92456
-56923
4970
-90978
-25292
29158
-65334
-68904
59290
-45572
30922
47267
-99225
-53151
-55343
-94132
-41970
44152
-89676
78168
-35477
-94883
-26959
-40692
15670
97993
-39000
67628
-24342
-66580
-58580
4212
-45220
31341
11266
65049
34729
38965
-85620
-22311
-90969
-81011
70333
-36249
-82666
85470
-17011
21592
-12999
-6515
-77163
-29206
38643
55185
70657
-43999
32010
-55942
-70767
30657
56131
63448
73529
-10323
39129
14330
-42853
20557
-74715
23136
-92271
50291
38466
7732
-74111
-91029
-30027
98348
-25828
-81860
-35010
-3519
-59131
52236
94729
-23641
-1548
-82654
-83210
44066
7400
-44542
-48235
-18648
46252
-70184
70936
89911
-25663
-27778
13352
-23278
-64678
-22305
71504
-56723
69305
95127
-20768
66900
66298
82087
-57592
-39953
15030
-89699
-65443
83530
-66968
17427
75232
74023
-72033
52297
-53005
-65346
-29603
-52335
-36438
33234
-93442
-96604
-46473
-69899
-69042
-84381
-32181
-6989
1725
-55605
13696
96688
85301
-96268
-96585
-40354
-23553
48688
-61107
-53650
-69717
-36807
-46345
-98868
45918
73758
48474
-1695
-20585
-88955
76739
-73309
-54584
53145
80373
-75006
24206
-28636
82353
-8455
408
50750
-23285
52330
6195
74794
-67009
67858
-57865
16923
-88783
40417
8629
-53855
77322
-82565
15821
91188
34809
-80565
-59580
-63679
36185
-73454
76429
74097
91600
74028
51494
-57414
62363
4625
-89887
15704
87625
38707
60971
14204
-9829
-44024
52329
-6851
-41909
42657
36442
36551
-2178
57717
17411
-37870
-73858
4916
-55257
-48796
45524
-68411
42531
83571
65616
11471
71865
-95259
-86404
-46777
-83946
-82385
23454
-13169
-12229
37847
17914
15994
-97200
-35992
71273
60820
97610
28847
-93124
81532
87625
75741
83812
-30354
31663
51267
56159
-61859
93207
73674
23412
39123
-62048
-2031
67092
-88788
69157
60453
32674
-60625
-57924
-87100
1580
-96555
-63467
91142
68474
-25650
28253
8553
33616
97352
-22831
11236
24916
34863
88194
18499
-22041
17254
-84157
-86745
54587
-76606
88715
58107
-88007
-32320
-21516
-59171
11096
14994
-6450
28365
-9323
-38220
33865
-81363
-62687
13622
50170
32532
50092
-2260
-28240
-99765
-6428
81478
-83755
85973
86691
-25070
1090
82094
-74763
11938
-31239
-48747
-78349
-20823
-35782
-39319
-4478
-82434
50356
-8681
-18799
-94978
-63835
-10312
58511
-42869
-80645
-39021
-53049
-95916
37647
94878
-35936
-47637
71506
-73258
-69305
22825
-95724
-15601
-68150
6345
-61172
-66097
-45615
-18619
-2943
-19325
77202
58801
-83811
89501
28679
-65602
31288
83082
93172
-88498
-84567
-22438
-73751
47970
20148
-80837
52728
60746
40311
-55112
-484
-77338
-77314
-29304
13515
-3597
85375
-63962
-35939
-77906
-19437
-75459
-85816
-3938
65830
-26216
-78067
81748
-74663
-58027
-20169
-56269
-6703
-88972
-73335
-17020
-40404
64359
42558
4239
48539
-53820
-77497
-42511
16078
83060
65820
-69005
-89679
-37473
-21837
-78565
92900
34028
-30126
15340
43318
91959
75622
112
21992
39684
-94006
11871
-74053
69867
34584
78104
24712
-64962
725
-31496
31902
-67482
-25903
-40439
85581
55852
8534
-18934
84143
42248
84653
-32584
5466
-16232
28048
77538
-72392
-82465
6181
1865
8915
23654
-7407
40901
-3490
-61862
-22672
95076
-25602
-81995
-8514
29219
-38837
-85796
86957
283
-23751
56220
11352
-95604
20662
-49055
-73032
34804
13738
-37644
94884
-58925
29136
-2228
-71252
62647
1336
29493
46580
-81449
15057
-90180
44396
43741
-87729
14745
-47863
6012
-54650
87205
88540
58601
-96924
-49424
17590
-38406
41328
-6572
-27549
-89015
-41454
17806
23462
-73705
25641
13343
-35750
68837
-95481
94269
41436
-71609
-85628
32131
-73943
66101
25703
4291
72876
98351
89922
-94774
84940
-83869
78866
-46221
-93934
1925
71339
-39548
-21605
43313
43091
24869
96648
-25901
-40455
60790
42807
-5154
31461
48075
-78719
-82133
73117
-4374
28331
-28077
48954
-95710
31008
-99750
-97086
19372
2236
69283
-72720
-83833
-79772
-67949
-30068
66443
-71338
70131
30857
7538
94606
-39534
7896
22285
-84317
27881
-5002
-15761
-80999
-35266
-31379
-80372
-45054
-49645
72237
92045
-19832
49605
58059
4420
52144
-11690
10614
-68629
27285
-20198
13385
-82274
86769
89010
45999
-85006
5712
-26965
-92193
-98412
60866
-97967
31561
56446
-95958
1367
71815
16026
79702
45828
-17467
11400
59221
42202
-24041
-11267
-85629
-38026
-88810
-98027
-12848
67472
72284
59636
-79052
-40774
60978
87343
64355
99240
-92320
89984
-96168
-11916
80821
10294
-49256
-59535
11801
-73155
12925
-13842
-24869
-39268
-65074
31374
48521
-96889
-36941
-93559
43989
-35849
92221
33322
80221
24264
69174
-13811
87758
-66603
60732
-11585
-72161
-71376
-19898
85706
20458
70449
-48013
55131
-43047
-79199
-53367
55384
62742
83374
-77301
-166
95573
85516
24459
12224
-19669
6454
50678
-47384
24532
-11879
68776
-73311
-27762
92916
-33279
22051
-8404
86037
49796
-45891
67761
32375
50389
-48592
38149
85279
19390
15265
28799
33157
73869
30868
-76267
23631
45526
14436
22368
12290
-50390
-59785
10891
20760
-4956
-82817
-13401
82657
54930
-21549
-43222
-40483
1780
47835
-45800
4492
-90661
-19022
-18751
81882
-46578
60661
6313
-4003
5730
-48154
3609
669
99402
47707
-88447
-94741
-5058
98407
73861
38484
-18354
-39956
-46469
-88703
-69755
99176
74613
83108
-36096
26882
22823
44161
16800
-28620
-74110
-13907
27676
5078
-36519
1848
98411
81760
14057
51002
-63617
-3636
-60567
19656
-53815
-80449
48917
-2379
33249
-52265
-83053
71562
5508
-41000
-15239
94311
10731
4333
-64112
-49624
-46779
9323
-85413
-14420
-43536
45879
-69009
94707
-41166
-47383
-41867
81389
-36767
78508
-41028
-32225
52955
67057
4020
-52233
-7651
4557
-66831
80072
52208
-77196
48479
89010
-94238
-64111
-73240
-42516
98479
-77573
5935
85516
-31024
-98338
61005
77693
11331
14073
-74113
-8048
25873
16471
87407
37791
-25732
7269
-4979
-84700
-55133
10673
49172
-51780
-63658
-89701
16439
-60769
76422
-7432
55207
60526
-41611
41187
-20790
-54258
-2286
54556
-56848
82255
-93338
-17238
-88577
12182
85896
92003
-9883
-7331
5192
85777
-47673
-61789
-7567
-57201
-38976
-43426
-21476
-28249
95884
16044
44437
-52168
86487
-23250
30225
41027
65198
11930
-22914
-88395
-98836
43452
62698
16072
28744
65454
20152
-14385
13567
-76591
34835
-44767
-13559
41197
-44418
-5932
-92714
97964
1880
-1692
-1726
-91061
63393
-69444
-5305
77810
44711
39910
-29902
-26511
-55747
62794
81305
19404
-32990
-69123
42484
-74606
-8065
-21213
29170
-75629
18201
-77562
-11995
57051
-51654
12846
32201
-62817
-31952
-88497
30954
-91485
51782
-7726
12933
58216
18188
26279
-49281
40896
74844
85299
-74475
23116
42072
-96558
-56968
-83540
78387
91644
42729
25462
68995
33610
-69942
53575
-17005
-73773
13869
-82945
-18668
94539
-17185
-77940
55431
14968
88539
-51012
4200
-13781
-63972
-99401
30385
-5820
62256
-93294
-89387
-35984
89401
-40142
91486
-38582
58481
-86889
-37355
-17224
-93231
27278
-56666
-16231
-3750
-24265
33197
-86543
-17058
-40272
85624
-38301
-83911
68115
57660
-77864
-2180
-79608
29292
62553
40412
79129
51512
-35201
-46964
48865
38380
9620
77125
10944
38517
4834
-40247
-11195
59343
-66693
-27073
24634
-55377
-91839
42069
-1569
-64289
82847
-58404
55983
87890
75200
73844
-93522
-44528
-82070
86948
78770
68931
85456
-27872
82482
84080
76078
95581
67763
-3956
-46992
-84928
-26584
81899
-97528
-41063
-48188
-5838
-37923
-79470
43897
-55964
-7185
82879
-79289
97805
-13546
-99286
14494
-56961
24884
-11332
-50245
41929
27128
99791
984
-25354
-85631
-66550
-10255
-85455
49266
-59875
-97749
-79611
16306
26910
-60742
42994
-97689
-14088
25633
73874
-89971
-88977
62260
28481
57234
46976
-81223
17737
-24282
91060
48152
-41742
99782
56761
-19141
-84103
75758
80013
-51100
95067
44144
46488
68724
-68669
95027
55594
-14966
97031
-94274
97302
99012
16868
83954
64672
-79340
-72430
30854
-48762
88482
-92507
-27356
29098
-95157
-69156
-30426
-38726
-51211
60304
-25577
-10170
13101
-6580
27724
75209
51618
35733
89759
-32972
-67048
-55537
-61000
87082
-37295
43232
12083
-83788
-18309
67441
-6036
-25633
365
33077
15645
-69139
77921
-67961
-8426
5043
-71423
99608
42720
33321
4460
-15227
29216
-70198
79254
-51005
-55431
-46251
-29575
-44159
46546
-56775
-55017
18188
34351
-25506
16040
58895
-77243
345
588
-10334
17421
-34848
-80876
54910
37755
-77856
70744
-87224
19526
75881
83583
-18576
32420
25462
-92467
77738
4653
65484
28243
33610
-57719
-94878
32615
35332
31986
-64887
97510
-45497
-12300
-9147
-85189
-84536
-15079
56057
-17307
15507
-7771
-29690
-68279
-33526
50786
66725
34228
56165
63674
2612
56020
16325
-96733
-13743
-46394
-18030
65921
-27815
15915
-14109
95347
-67869
-54976
67354
-48311
-39313
69473
40004
-18043
53682
-25581
-67070
1944
-45073
11324
54465
-74694
-32462
-88579
2149
-23671
53768
20112
-58470
-57106
9350
-58622
-40178
-46286
13955
-29448
54133
98260
44807
44729
56565
-15889
52740
-98804
57329
-26553
97472
24363
-63088
86806
-77193
-17947
-77174
48846
34922
-2458
31599
-27219
-14881
-92321
-57252
-92581
-86688
74272
-89024
-38483
73488
-13825
11202
-51776
73027
-14997
69445
-99447
-43748
41420
58068
-42181
84841
23089
-80518
63942
80693
-10167
-30431
-80691
48
34665
28849
35389
32004
74251
-57586
37798
-31933
63355
83418
-88029
-47406
-13808
-11433
-49457
-35245
57192
-15871
-95908
21992
53477
92896
79895
-26670
3218
-21159
18451
65097
69638
-64354
51136
73068
35478
8862
-77005
33257
-64470
-8413
-93830
8678
-28689
-53967
33552
-87999
-19732
-34319
61765
53575
30409
-62800
-69307
20919
36417
-44245
-13125
61579
-36824
-89475
-72609
58592
-16772
-31765
-30791
17557
-19357
73024
-18999
14422
23633
66024
88196
-91000
27520
-90671
64873
60535
69914
-70186
-5323
31039
-13926
-55645
80722
-85209
95785
55326
-67721
-88180
-23218
31275
-48117
7999
94835
-41906
15323
15041
52815
12985
16720
74255
88047
14663
48892
-33045
39466
-69470
-29658
-77347
60431
-30830
11153
-86638
64891
-47325
31034
59752
-93390
-75444
-82016
4044
-67051
-33399
-18352
45108
45788
49560
-33751
-5476
11671
-6968
39907
-85202
28218
93398
-23922
45109
67341
49298
28065
50471
81648
-50186
91048
-26109
56203
27663
-32547
-47027
19807
80024
63414
74602
-76504
39202
61611
6257
97091
26827
-59352
55353
24723
-52400
5019
18625
1582
-54194
33292
78656
52256
-98649
-99569
-4611
-98891
-34538
-16698
52039
61771
-64244
10034
-61891
64215
17879
-83172
-62860
89463
43811
-49047
-11699
92240
5406
63822
92010
-98938
24725
-29433
-91728
-35685
-93003
21738
24584
79821
-65191
-71044
-55503
-35749
81796
-46816
-35780
-24769
-31549
-92435
55849
-98090
67063
80134
-62693
96788
18659
-91588
-73319
-98050
14091
-63693
36417
-37547
-36925
-85866
98809
-29531
2692
-73787
-1990
86140
-64724
-12847
50581
75772
-2684
38826
40876
-30748
91141
-19504
73318
53650
33217
-47584
-44724
-85414
38909
-28534
-31854
-20732
-89419
4789
-91469
53108
33808
-84074
-88034
86081
-67724
32139
-73795
-25861
-38388
73142
46065
-85623
52986
21557
-27797
96906
-35599
87177
-74874
24625
-7930
4323
-48700
8117
-62957
98912
93753
22172
46033
72323
-80902
-6558
25947
-30146
13964
56317
73178
70923
11846
-37139
56932
57628
-24265
41737
-7858
-61505
52898
-82370
20321
-95643
8334
-82147
38200
-22858
88666
-86797
96049
-30568
-80782
-83314
58895
97303
-69350
-29683
88927
92499
-41837
-40809
-17203
-67821
-27644
-4974
-66465
-25591
32976
71570
80415
35310
-20123
50551
-10877
9238
34423
-39989
-54905
69407
-2140
45016
-22750
-36708
87484
-82764
98715
58933
-99538
7711
-47473
-43283
92444
22266
-41109
-1540
53974
71361
-59249
50430
-65580
-57985
-1211
-11972
77813
-10235
97016
-3519
47780
298
16383
36148
62820
-23853
17467
-89794
81057
-27574
60214
-60597
56413
-7295
46779
34907
-51420
-69316
-84999
28055
-97459
-5946
72111
-68771
51980
-91219
-85441
-83891
-96420
61214
56474
40123
-72569
36061
32570
27176
46370
-8253
25510
20352
95021
-96208
-4016
54452
-41593
-94907
-2481
61568
-61713
-7701
-88993
31155
69086
46803
39848
99751
-66399
71462
-48742
81633
-56736
52712
57668
45752
87408
-38229
91410
-44284
86747
72134
25844
42958
38342
27555
69141
-73871
50222
40549
12042
72299
29986
71273
1384
29111
-45104
36474
48079
61463
94712
33103
-37945
75208
-10970
-21622
-62153
87860
30487
74047
-84023
45137
-27583
21811
-5217
20683
40367
47641
49362
-52825
95552
-48880
58120
90495
27843
62488
-48714
99594
-89294
-48212
39770
-74339
-71237
-50192
14584
-34285
59046
98702
82001
75036
71707
-65252
84030
64136
38930
7485
41851
-12487
1458
9063
-64387
43284
9831
82839
14877
-55389
-70849
10366
-57917
-59247
-88460
46184
-78672
71184
-39079
-71790
-10721
76905
-581
-22667
-17130
18584
-49835
23281
-77064
-55406
18275
10300
7608
23423
26295
68025
-22503
-84276
67447
31870
54689
-38222
84196
36376
32396
-82102
-83368
8578
2670
92647
31523
47201
-13214
1962
47796
70236
6992
83928
-62692
-9878
76321
12401
-49650
-40452
-19223
84537
-86638
34283
-75473
30168
1625
-16649
80330
52293
38835
25421
3758
-76551
61802
-13834
29356
-33320
-18582
52881
68292
55191
8973
33955
-54414
-21791
8517
-18402
31149
-16808
69952
57740
37499
11631
69749
58868
-62356
-91541
-68337
-3941
-13237
36533
80628
39477
77440
25051
74528
-50279
-96907
43489
-42079
-37541
56211
36103
-55781
-71521
-70601
54094
81931
64201
-94475
25594
-96442
-49976
-27759
-59504
-20800
28050
-9943
22248
-12702
-75807
-65424
75167
25665
-37093
-57011
-67905
-1190
-19781
93668
59441
29286
19996
93720
83570
-45962
-68460
30595
-1669
33726
-74174
-1521
93593
-56996
45960
91468
-65569
15619
-8577
-87768
95967
79877
36931
23658
38074
5110
-57385
94412
48036
71724
44594
-5245
-94398
66780
38702
50578
98518
19703
-90899
-50173
-48571
88878
68261
1328
79610
-9096
96333
-7103
-26605
14057
87185
79372
52316
14163
70434
37153
-88622
39583
47760
75337
-41530
15853
23876
-99214
20128
10855
10894
-62305
-64090
77933
-48182
68703
41960
-30432
18858
56701
-68843
35600
32841
3527
66308
15483
80181
-27233
72299
79596
-31277
-95398
61054
31901
40086
-29189
-92181
-51545
-97983
-5311
9734
46853
-64085
-99095
-25310
50563
-41590
-65331
44219
89179
89025
-26224
-7620
-19824
15837
34302
30482
-14394
98260
-17103
-27826
79069
-13582
-55978
98382
-63613
-56537
-86504
-88516
-64188
-62992
-51990
-83475
11500
-72576
-19353
-64086
7161
39241
174
61716
25129
68702
74312
10317
44834
-51429
-79218
-89919
-55952
-73017
15703
-72045
47029
30663
62570
16145
-52030
-35277
67231
-57096
35849
-71381
22576
3181
-97001
70486
-83381
-97054
4859
59841
53651
54330
85778
-38933
13452
-1547
37885
32579
1678
-72786
-80274
30851
-35511
-46252
41565
91688
-92756
61366
-82998
-31507
16593
12148
-44289
50480
207
74622
-36087
-18615
-72461
1216
-71904
19181
84256
-60949
-85272
-45788
36285
45560
66316
30271
40958
-13282
-20033
-70773
-80316
-50739
-45361
82584
-36588
-10324
55965
-29143
23387
-33758
-35283
1443
50106
-41452
-70874
-91072
-23325
-23195
73656
-701
83052
-54060
-90025
99309
14483
-56976
-87914
-58849
72484
50274
-91253
72341
38711
-3633
60903
-69840
53549
-25670
57950
56455
7189
88436
-91600
53770
-11859
48103
71990
-58466
-96749
19549
6167
49230
-42074
54108
-82986
68143
-82474
-16174
-3687
-66989
69419
-95038
88659
-76121
-34698
93571
15085
-97858
-73465
83130
-44212
37073
67976
-50127
60122
48969
748
-87927
31312
-79850
77379
50143
-96679
61118
-26641
-12555
69492
-66814
53283
99482
-77724
92699
27616
10978
-53820
-91514
56843
-19636
61677
-35450
69237
-50738
6080
-77001
-55365
-8666
92552
54942
76475
-59256
58265
27430
-42378
49773
83780
-4475
-23228
1137
-47657
-81548
-24294
2303
90100
45751
-15652
33536
36370
10385
93818
-92917
-5296
-22915
-11543
3990
-33168
74004
-6313
35621
-60383
59222
-90933
37202
66669
-311
-41665
475
49810
-4417
-33773
51117
-97222
-75293
47227
-64816
7596
59313
-73278
-76918
-40991
-6803
-14290
-46810
-50198
-71835
-59612
12086
-93322
18707
-86776
32587
90313
29243
4169
-90208
-1597
50735
54270
-70110
-95705
48676
10080
55267
-34150
95574
33492
-32707
-12584
-3828
-23199
-3345
-31479
-90012
69428
-57797
91957
-9644
-65000
-1370
-47960
-77577
-70074
-50727
51223
17056
-88968
42136
78728
-64354
75555
-36995
-41426
-21496
-29006
-11093
43255
-1525
32929
-46534
-54228
53311
-18739
-46036
62147
42923
37510
-65314
67827
63131
55200
59669
40690
-98184
-66178
12875
-27738
39357
-25047
-18731
73031
42645
26639
-99270
-71488
-23985
11618
54227
69382
85129
33147
34359
96529
-73461
-32888
-98370
-95223
-94744
-62872
-20252
-3075
-44643
-81809
44090
-76116
-35596
-70835
2973
-36378
-3505
49406
-7221
46101
-73674
-2694
-74567
37794
-68389
-47254
-53266
-86025
-61655
42833
-23535
89311
-47809
1959
79550
-92209
-60969
-40259
12752
-18374
-8601
98793
12633
2976
40189
-10316
16414
25780
33629
87350
66816
88126
-89581
12699
6282
-81034
-65749
37505
-99503
-72094
-58671
-50281
86602
61558
95498
97075
-31408
90950
-97038
54735
-14040
-71689
-89827
36905
16290
51095
-4
-79852
8052
-60163
46532
19168
29283
-17156
-1996
85684
14314
-49749
-26643
-70296
-47542
98809
10735
-58027
-33005
96012
44575
-80208
-68396
51018
-72816
-58543
-64794
-27642
-23609
-60768
-61082
-73704
-86498
88376
-44470
-59662
-10570
5331
-78035
-31383
-30692
41854
11009
-40029
-28190
-28900
92106
-36099
61263
-50769
57644
68095
-88474
-66009
27485
-89724
31545
83861
-33137
30878
-28162
-67735
-31604
-25473
51731
-49705
-19909
77899
2509
89131
-69751
-44494
-54165
-27208
26267
-52327
32735
-38119
-50200
70869
72093
52122
77727
76060
2674
-97523
4228
97022
-30750
9747
33502
66076
-51397
-71484
-60002
15603
-84599
23678
23083
-21184
83056
57339
40597
-50436
-94656
-19097
36103
-2248
88186
59283
-6918
-6304
69205
-28601
83921
-66657
-39369
71223
-59920
71247
20467
-42528
24813
-89217
28817
-18494
-86832
-10422
-21394
63774
12496
63991
90396
-31480
12378
-61777
98155
-69524
-31225
-12733
40059
-99524
-75986
-3590
-78241
-35962
-6143
97622
54013
68750
25416
51478
-28808
-30180
20276
26715
-35500
64896
-90507
-60347
-68506
20785
-82473
-42355
79910
88377
37654
-23146
12629
-14888
64846
83407
756
-83116
-2657
44231
-12856
85111
35521
19614
64482
37855
19231
260
16012
-55024
12789
85668
63650
55276
21809
11144
56219
36979
88021
-55964
47313
31150
15397
50530
-26470
-63361
91582
60699
4259
83571
1062
-22803
-98528
72986
19940
-71119
87616
53093
-66038
-37499
18155
57833
44233
-98838
-25327
25947
99094
73101
-40466
77304
-49140
61227
-50340
27713
38251
-81932
23553
-36739
-77527
-50349
34112
58672
47790
60385
53581
-8032
5783
91386
25921
43182
71091
37123
-37296
66698
-69640
64784
-73655
62579
-1234
-32144
-20266
-76800
91158
-4595
97807
-2141
15531
-13732
-1602
98007
77564
-24588
-50950
93354
80582
-47711
31388
83457
64877
92163
-54733
-92351
-93411
-79476
12148
29031
45625
-11458
-6166
3145
-95862
88656
-86020
15548
25289
-22307
89480
-4020
-25965
94255
31507
44312
81159
90717
-64463
-72533
-34866
-79588
38234
54955
-92649
-34016
37957
75321
-34220
13034
-87473
-85100
-13303
57856
62963
-32861
-36945
45870
52315
-30032
-81443
54565
57206
95904
-82702
71991
-4558
81645
29726
28639
-72725
37791
-84445
42397
29746
79955
56602
29460
-15679
20666
74487
5558
29151
-50824
17148
48080
17708
-4555
-83514
21904
73548
-36259
32815
-21671
-86012
-57004
96931
-92983
56018
-42627
4438
60512
-21390
84518
-53287
-19657
62166
70475
14649
-83208
-92060
16781
-17813
87613
45181
-99315
8685
-54660
83396
4977
-12106
-85879
8880
1663
32291
-37021
84963
50165
9738
-24294
27943
56895
-47922
98693
-30951
-26437
2753
97981
22708
-21081
32533
-94241
79569
-48493
-31709
-83350
77945
-6635
8260
-57929
-36643
-47263
-92631
63100
31145
87995
85254
47213
20441
49614
86174
86057
78007
52737
56672
-3149
57916
-86846
62185
-67037
73308
-87666
-45052
-69294
2064
49949
-47100
17319
-12463
-58860
-93628
40302
53571
-48986
-52941
14322
-43213
-94186
18503
39803
-65874
8318
-93045
43629
83974
-95735
31516
81779
72457
5940
-41049
-88085
41652
-85731
24536
61618
51934
76023
-11447
-27176
-32141
58654
56620
6997
-51126
98711
-96206
-41598
-17934
37426
84132
-91107
-18386
-54339
1877
25944
-74995
-61759
-24566
-88054
-33998
-21913
962
-97013
-30234
12282
51456
48862
7549
-22620
62384
-62104
10488
96605
20300
57481
-37300
70887
7508
-39270
99534
-49140
40810
40031
49074
-42947
19757
-67432
26757
-41251
-19103
-34645
-99349
-68907
-48030
-9164
-95977
-64109
83682
-87094
-58724
-77605
-86842
45548
-91072
-30453
38561
-50749
-12466
48454
28457
18554
55638
94575
-27516
91223
-86999
-19242
-90016
70887
76155
51385
-4044
82796
-54064
80865
34318
-74412
69297
-31689
173
-8589
-65096
-38675
71173
-81334
-78557
-13075
53973
-68193
94851
-57408
61086
1709
58452
22046
40402
-79346
63712
-62451
15798
-9029
57331
41712
-32336
780
-72486
-13748
-89057
32900
-24437
-19110
-51334
7636
4567
78304
-31784
85113
-96746
87012
8773
-20775
-30914
30426
73596
42777
31782
78522
9567
-14754
19620
35245
-42000
-52238
-7728
-54894
11405
-12413
-64010
277
-63739
19914
-91572
-3435
56356
52387
71450
61130
-82263
12998
92413
27866
661
34639
13765
-9436
71699
57574
84644
40332
2795
51613
78317
80709
64115
84839
-58281
-74251
-18386
11692
-20961
63154
-45138
36081
5851
-8799
46114
21065
-4206
49342
46496
-14865
-7623
-76510
58242
86593
21899
86666
52989
76282
-84951
-67230
85717
70910
-75865
-55174
64642
-82693
33872
18169
73656
80006
41210
-13632
-21116
-5858
-30128
2550
47440
-65933
74932
4301
-93768
85524
-14343
-96951
84288
-81732
81121
97232
66090
6012
13670
9056
28620
19272
83203
-31400
57674
-45040
19175
87966
87598
37130
-78968
-98222
-26042
-23809
-79741
-38490
-5259
18388
68473
29749
-95362
-34009
