-617
830
878
768
458
-734
-897
810
-150
-591
-993
181
-65
141
-513
132
355
958
-106
-441
221
-642
869
-541
-519
146
-604
785
-674
206
-219
248
110
-995
-360
376
-134
746
738
-943
319
793
-827
177
620
-457
495
911
-77
732
40
-586
843
-665
-815
-646
480
248
-578
-134
753
585
-991
-652
171
-907
623
196
77
546
197
-726
-154
-964
-738
931
-373
770
-12
292
250
-254
-740
212
-953
-13
-930
728
317
424
-175
-810
-384
-643
-328
-307
-770
-667
59
179
959
851
-168
761
-47
-789
574
-87
793
546
-151
-245
693
-694
262
-961
-6
846
-720
854
-56
28
-537
-990
844
-138
928
777
-712
997
-749
535
997
-405
52
326
65
-383
152
151
-721
784
-636
-845
-954
-917
315
319
-841
-277
262
-311
-344
783
554
147
366
-192
351
-942
45
11
779
-247
155
-457
-421
287
-753
617
-535
155
955
-725
-111
10
594
-80
-25
94
-84
488
-797
-973
820
361
884
880
-550
-460
396
-44
383
-351
-12
-251
305
-796
-71
114
172
-290
585
122
-924
578
-201
-671
421
586
-888
770
665
877
666
-156
-738
-208
925
-471
579
-149
-130
-260
-805
624
-682
537
-719
-978
428
-181
808
415
-293
383
-458
-806
764
-420
-863
-994
-963
-95
524
-974
332
806
11
-633
307
389
340
361
744
899
942
-198
-49
859
-505
901
-908
-327
753
567
-449
330
-256
-679
243
775
96
889
-572
448
-997
-761
-210
819
309
202
-194
-590
-556
363
-990
-481
-492
556
986
906
586
753
204
479
54
-63
448
-780
602
532
-995
-753
386
-938
-727
655
-394
156
86
-469
339
-75
-963
538
-324
575
980
814
504
-876
-471
949
-726
-275
-339
872
-903
-113
744
-504
-647
526
879
-829
-825
288
-568
410
-278
-543
-921
-810
968
-878
-211
370
-324
442
-481
320
911
332
624
292
51
-187
415
-226
993
-574
-143
435
483
-199
-574
548
-624
-34
-575
-392
952
83
896
881
-237
472
-493
621
110
159
-501
-41
957
-438
510
441
44
949
979
-945
-559
377
-361
-822
-801
-965
721
572
168
-567
-375
-158
532
693
-668
1
963
574
167
-939
111
115
-377
120
899
792
-608
-185
850
-781
339
-258
-826
-976
-582
-143
664
581
66
-595
-894
-884
-825
917
-748
593
304
608
-403
-406
603
-15
376
-872
221
544
307
735
-441
2
567
-856
704
-144
-104
-414
136
-246
663
-808
-514
-729
-403
-762
-301
-661
92
-723
500
447
-200
-884
139
-68
-4
-189
-663
-80
-925
95
-785
530
138
756
-28
-235
611
489
89
-865
242
-495
648
811
692
991
215
750
-568
-890
-964
-790
610
660
-196
234
326
480
626
879
-8
141
-953
357
599
-481
897
-941
115
-90
827
296
191
388
819
73
-690
223
-156
-234
15
-479
-933
790
-824
-384
-355
790
920
290
-12
195
641
724
-879
-400
956
866
-967
32
-309
-259
-685
-996
134
732
-443
438
573
-337
615
-40
776
-176
-587
989
851
-597
-26
-998
714
-246
861
-624
-986
483
-213
-925
-712
192
950
-649
-800
-929
977
226
535
-660
-962
521
-340
-61
-910
-87
514
88
-554
996
-989
-858
917
1000
-41
-300
-772
-830
763
339
-703
-722
746
-599
-448
-848
487
-570
-996
-174
-403
838
40
-299
-181
526
-311
940
-940
19
443
-708
-786
-964
-423
-294
-259
-157
-897
985
534
-816
262
-851
403
25
786
-129
-28
-445
-337
-768
481
506
472
228
-243
-102
-860
-997
719
192
772
-390
-832
-328
700
752
699
-114
-262
-582
-246
-97
-26
-741
-20
625
996
287
-896
-730
400
35
-701
-636
334
64
633
-150
995
953
-618
-617
830
-838
327
-691
-845
58
-691
-348
-280
557
233
24
787
-511
295
-518
-793
759
-141
-997
-209
-458
660
-300
-248
-113
972
100
-616
194
606
-562
167
-704
268
605
15
-587
-860
-153
-427
204
438
435
634
837
-633
486
575
-837
-704
-226
-847
51
39
47
194
160
-438
-368
-917
-881
-429
229
731
269
564
-720
-694
793
807
519
-329
103
530
235
116
-445
-121
-51
-789
-907
705
651
570
473
584
-634
224
-985
282
-385
845
-672
-480
-580
-948
-672
-936
692
-581
33
-687
-168
60
-431
564
406
-284
64
-77
35
500
-791
-292
-407
565
867
-191
306
292
-340
267
-360
722
801
-105
617
238
-1
156
-83
-183
-201
352
183
758
957
-574
-51
95
840
650
133
-300
63
946
-562
9
37
653
835
-312
140
-643
-429
572
612
71
521
486
-618
439
-496
-723
394
-700
-569
538
-36
490
949
-301
-593
-347
732
749
-877
-678
1
503
10
-781
956
591
886
183
448
-194
962
-4
555
-588
694
453
825
462
236
-943
256
356
-297
857
-42
294
458
934
479
-164
237
-879
575
-475
992
79
-221
552
-181
233
-154
-590
-444
-362
769
-903
591
-165
-275
935
129
585
-757
569
423
-816
-262
-647
899
239
-803
-622
998
846
777
-814
96
-791
-180
-402
-350
696
923
-237
-489
-935
-522
-230
-378
-754
63
-75
358
357
250
756
-805
-983
-860
435
425
-857
423
-237
-103
-374
-2
517
86
-811
640
892
-524
-569
-242
631
-87
-478
-809
241
-523
6
-113
274
640
516
-49
500
-208
445
-874
721
-374
-682
-776
920
321
461
259
593
198
827
311
-970
-265
-864
901
-368
108
-190
-156
-289
-362
-242
-396
-12
859
56
-892
-245
-665
-843
-174
990
66
45
801
-833
-143
-597
713
546
476
-478
971
926
-960
-792
19
-311
-404
-195
43
-975
-309
-20
-683
641
974
-632
917
533
-806
-582
279
142
137
216
-41
511
48
289
813
859
-297
144
74
-520
-537
-809
988
-405
511
-623
-85
-201
-513
-264
801
-815
-190
-464
-877
-220
825
379
700
375
560
-455
955
-906
861
-541
-495
-57
-473
-102
-899
-557
-864
-645
-407
-545
-542
-796
792
231
300
808
945
415
178
-799
788
149
90
-517
125
-987
539
536
478
575
-815
25
-555
-545
815
78
615
733
-945
-985
-481
-694
465
-17
574
-330
651
-558
990
-943
283
-305
-731
-295
433
-604
538
-49
-580
660
342
-518
-437
-320
-165
383
104
204
-460
-573
353
620
460
-105
-921
-69
-741
934
-192
-556
6
-61
631
-855
-566
-124
-389
551
-932
-638
-895
239
-366
-786
-847
812
-515
382
985
-185
-714
68
-878
-759
881
601
491
-998
563
376
-286
-784
-635
480
372
-655
-341
236
743
303
-604
-337
-949
-464
154
-365
914
429
-552
742
415
243
-489
772
309
-71
-188
-459
668
-289
747
740
173
182
500
512
441
359
979
-268
72
494
828
638
645
-833
688
20
-328
-835
-631
222
-952
-872
443
-298
948
-412
-136
-891
93
35
188
-86
-324
-681
406
553
-755
243
970
-927
-437
-769
227
966
-400
913
-46
871
861
-854
-731
931
395
588
-19
773
-532
-973
-302
-718
-124
616
-538
-622
-664
-830
-307
768
-8
-20
-781
-658
-553
-542
911
-750
774
-174
-531
111
-985
-959
589
606
142
-470
677
293
323
253
495
834
262
152
-913
-369
620
64
287
-932
-68
-456
-114
992
501
-886
-748
-985
-92
-441
-208
-585
-846
77
288
-389
590
-753
-626
-768
126
-488
96
355
-119
361
-223
798
206
-826
-230
231
-869
-478
722
-275
-109
-980
-633
233
771
-599
-51
112
-590
-942
-136
-446
-893
822
262
-774
-758
718
-732
-963
216
-259
717
-702
-349
896
2
918
-35
-226
568
-688
-269
322
477
-491
269
238
30
-300
885
321
882
-994
792
-729
-648
-706
-976
-601
543
728
839
463
261
215
472
-649
715
-58
-512
-579
-748
380
841
-721
43
37
-161
-222
504
503
233
603
64
406
530
-188
556
-140
-483
-291
-425
283
133
243
929
119
967
840
-19
338
418
-955
230
-980
-511
-733
-730
686
370
817
-829
-360
573
-571
55
822
-966
211
-581
-590
-460
-294
993
-134
805
-365
89
966
-92
941
-479
-58
913
593
41
188
-409
-215
-258
799
385
-928
833
189
724
-980
946
486
412
349
-188
-523
138
-106
838
506
80
-130
-594
287
-852
651
102
821
982
355
492
796
-251
920
764
663
-576
943
-313
-835
200
-459
294
-320
-925
-103
278
841
-477
-932
856
690
742
100
-337
-311
-458
-493
-236
370
422
-937
-391
-183
86
-755
426
160
254
842
554
686
191
413
256
792
296
-279
-150
751
-647
268
122
352
-55
-222
-188
24
667
-553
182
-2
-560
952
946
-628
-699
-988
171
338
-74
338
-79
-723
-293
-162
23
52
-929
-935
52
177
187
797
-997
647
861
676
-58
-434
371
-112
-691
-516
-996
196
-807
859
330
-715
39
46
-982
-940
177
486
-150
847
-862
804
31
-539
-517
-786
-945
-830
-932
689
-353
-779
770
754
964
-877
-771
-280
-450
997
-199
-104
-450
-631
-510
123
818
776
-447
-676
-878
129
-36
-936
536
49
201
-830
-839
346
962
-414
107
-617
-224
-713
702
245
-690
-841
233
-392
-991
596
128
-559
335
-825
-194
-746
456
-98
595
37
328
253
133
-817
-157
42
-721
765
983
837
-823
999
743
-192
-978
490
494
47
30
-828
-594
716
-892
972
-528
-55
953
-474
590
802
-645
947
-834
857
632
142
-98
-463
-889
-810
-294
230
433
-500
792
366
-989
579
-132
-472
5
847
-665
522
980
918
224
877
-951
-822
-412
69
626
372
-567
66
159
673
118
614
-683
-248
97
264
180
-985
557
-959
574
-665
-310
-803
587
426
824
-904
149
-689
367
-752
-692
869
274
55
-638
-985
649
487
-285
-593
-54
-560
261
842
-950
863
253
236
-995
540
-64
509
302
-606
354
-359
774
720
169
-308
290
666
-958
-945
644
-671
-380
251
0
-229
141
326
875
574
-874
-390
-142
619
-958
-328
903
-311
-835
-15
-154
-401
-708
-163
21
-779
421
561
-298
72
855
216
-357
635
911
452
965
491
-775
246
926
351
124
491
582
-763
-135
-63
258
-663
-639
572
-293
-56
736
-814
668
-135
706
714
-787
-194
-463
239
-397
-542
870
-623
-624
-474
26
-437
-475
322
-121
725
-226
757
-792
394
112
-420
-624
-563
-189
578
120
928
-973
-167
945
757
-161
-986
604
985
985
-184
833
-479
-664
-479
-217
252
-617
-580
-15
754
121
909
755
374
-990
390
-1
375
-442
978
-7
54
706
-710
944
-857
-448
-193
753
103
-432
-650
-624
-599
-782
-321
95
-4
-218
387
937
-806
-620
-6
344
415
293
803
301
-218
-521
-914
661
494
566
866
-466
-788
-646
80
895
-672
330
932
720
-996
-721
-779
-537
0
-843
-447
46
605
101
-364
113
347
873
-98
610
-122
510
746
962
-216
367
-862
647
-282
338
-496
-114
336
424
212
-708
-38
-228
569
772
-952
-374
-490
-238
-239
95
156
-392
-859
455
230
61
-781
-964
-319
628
266
-699
780
-786
222
56
-122
319
12
-579
292
478
273
128
-305
867
575
-46
-247
-783
-531
361
297
-888
487
-2
-460
-739
690
514
65
-204
956
911
-559
910
-221
479
-361
-384
-630
-565
-631
686
-560
333
65
-47
671
-750
-835
591
85
-782
955
-908
228
-710
974
-405
-615
242
-580
305
432
330
961
722
42
524
-989
168
-466
232
999
-819
-869
6
768
-287
646
712
-341
809
130
974
22
-889
722
-145
-296
879
422
-433
562
-739
-115
-991
-897
955
418
-689
-623
-433
-687
-755
690
723
625
53
987
598
-655
-143
845
66
761
-344
371
715
523
-382
750
-419
-881
608
895
-241
-494
-878
382
-56
-524
309
27
-445
329
-503
-595
-567
-360
505
-218
98
-288
0
379
745
-879
-316
-792
-953
151
628
854
-146
733
685
-913
270
-490
-910
586
135
620
835
24
-616
-298
842
-10
669
-184
-96
-575
-726
403
122
243
716
201
76
545
149
759
38
-842
779
-14
-399
454
-502
586
-491
-692
354
89
-959
-86
-595
931
594
643
-809
-661
-204
816
-930
871
120
725
616
187
733
-998
-559
408
883
-741
819
-743
-511
-45
420
525
-22
-732
-602
900
-640
115
81
638
-87
250
341
402
685
233
957
810
364
-152
826
-184
808
-489
-214
-404
510
-928
-643
340
-567
180
-806
933
88
950
466
226
-328
-242
420
703
620
-539
943
-833
-125
824
903
35
-931
440
899
-534
-479
-747
115
-369
248
826
-443
490
-260
911
-246
-491
889
-34
-590
606
-155
-578
-574
-501
-488
-362
42
-25
325
781
873
-41
-995
193
-170
410
875
-583
497
862
-666
431
126
-286
-926
-560
145
-148
654
990
-246
157
-623
-994
-108
365
-191
314
616
538
-426
-734
581
-745
327
263
-647
-586
349
-728
619
700
865
730
-662
32
663
-361
-699
-548
-478
651
-588
-610
-548
993
696
-889
-72
248
887
-484
-93
-400
141
580
-37
-362
-420
-225
-79
169
-560
-613
906
104
-72
367
-861
662
969
258
-464
690
269
-608
-767
456
914
679
-487
551
772
943
719
24
841
920
-598
406
-969
633
196
358
-202
466
-151
-232
-236
608
628
477
129
481
214
609
85
399
855
338
826
-40
-888
611
-197
853
584
526
673
-260
-709
710
-685
107
806
-721
845
-987
707
283
705
-79
-492
131
396
418
955
82
-494
-694
-815
-245
-409
-693
593
22
148
470
-416
-690
-721
-569
-596
302
614
-705
305
994
327
551
730
535
-738
-878
-111
780
-266
-74
-365
370
-225
707
-787
-579
-896
-394
-286
461
-245
-192
324
-606
299
775
-640
-912
790
-4
-232
598
607
290
305
775
731
-259
394
-260
-719
582
111
854
236
663
-624
-382
775
-900
448
460
-553
-393
-39
-578
-327
88
498
-650
908
563
170
71
-518
-598
773
199
469
38
924
-116
-849
-575
-700
28
867
655
-260
122
-70
-702
-224
82
295
-238
-772
-514
336
-46
306
558
-278
-19
-738
-382
-418
522
825
-103
-809
-230
930
-631
-290
-935
-687
-812
727
866
-68
456
790
37
-267
-15
-972
-131
55
-903
-164
-265
437
-170
-496
-839
-165
348
-654
-174
187
-819
903
499
-486
552
-677
-607
-686
698
79
8
-103
-707
-729
473
948
507
491
-297
32
-18
255
-33
929
-10
-264
637
673
904
-230
144
722
-702
127
-821
-874
190
-363
579
320
-821
170
569
-127
-42
631
155
-6
-658
785
-590
593
-160
-845
991
-710
832
284
-507
-643
-926
72
401
-551
434
572
-633
-516
571
-63
-683
-972
-930
-105
924
139
54
496
771
-327
910
802
-267
-528
412
672
-136
-891
766
515
797
-6
-500
-397
954
106
363
298
-863
-200
-234
249
724
-107
-684
994
356
641
-279
293
-826
717
381
-966
481
189
32
-445
-596
-702
-103
39
-156
-910
-590
-917
-916
-56
-986
441
789
-728
221
166
-934
262
-973
-230
374
-225
144
591
-527
536
521
844
802
546
-463
824
-11
951
831
-351
79
816
-302
274
-518
229
230
669
-709
-622
278
436
304
-342
273
-247
394
366
90
-195
-91
84
-850
256
47
-127
-266
107
623
-753
361
-331
21
-931
871
-186
41
928
-438
55
183
-398
-367
684
-776
222
-546
-979
869
-936
126
18
-335
745
668
-240
898
78
45
-326
-248
-461
593
-667
-516
-589
525
980
892
419
68
969
867
-69
-892
-172
743
470
-493
465
302
860
-481
-404
-54
-246
-580
-144
250
-569
-601
337
-881
-608
-941
-234
-737
-16
445
-368
-734
-138
-272
-750
705
-546
57
-845
-774
979
-629
889
-178
-723
-535
678
341
-655
-709
371
648
-520
-171
995
-481
831
-61
722
-17
-489
258
-674
-501
495
66
905
-51
923
840
84
-686
-709
470
186
-673
822
-970
559
615
-810
625
-510
-489
-525
78
-55
-737
861
555
506
-216
771
263
77
-465
-897
-697
39
288
226
-692
502
860
286
-290
-437
-385
818
976
644
569
-826
-153
-519
-528
763
102
-187
-766
-51
-508
-334
701
637
822
559
-775
230
188
199
-865
-357
-942
714
-208
-576
-884
675
-468
101
466
-443
-245
-25
307
581
658
263
889
65
-769
-687
584
-633
-359
957
-782
475
385
-613
-957
279
-462
-807
507
607
-129
952
-697
291
-16
-131
167
-7
959
-215
-88
-455
-306
31
412
303
-491
-723
14
-839
481
-993
-797
-705
545
140
-799
137
-468
-108
-889
88
-984
513
8
-528
853
593
684
-330
239
-609
498
512
285
849
135
-936
-724
169
496
-775
672
-44
-812
-307
503
17
-850
-180
627
726
-358
904
419
-135
846
732
-170
-744
-250
-475
871
-886
932
-333
593
616
-39
-386
140
-418
-53
395
74
635
532
444
-290
-989
617
-492
-39
288
927
-89
-984
-245
-812
-795
756
-238
-262
894
730
233
-927
336
-219
-959
-950
433
-159
856
532
288
-5
351
189
596
-142
-610
-882
524
-585
777
965
703
54
-831
248
-699
629
405
355
-219
-476
530
228
21
-724
929
-398
188
-227
-680
-34
-662
-789
-225
157
-511
-427
-699
16
-721
-458
389
461
-835
-981
-179
-176
171
800
876
-443
36
1000
-183
-184
284
-84
8
427
824
-280
-64
890
-90
71
506
946
-311
307
-868
-964
29
601
987
-192
868
955
767
-87
-262
-582
947
-558
-998
122
-750
-992
243
542
-942
-680
410
521
-379
29
21
-822
-457
-492
-696
-968
959
-729
958
-311
-457
377
183
-173
714
468
231
364
-843
-533
825
618
-666
-408
415
-459
-666
848
-384
-483
-607
-816
-739
-81
-943
-823
640
260
5
774
818
809
-501
743
899
-845
310
548
-204
929
-982
393
965
292
741
-624
867
16
228
709
814
650
-127
931
-970
789
-14
819
640
486
140
93
815
-158
830
-891
389
-94
530
51
-265
-304
-385
322
291
601
-507
-618
146
434
158
-205
-154
-968
806
27
647
491
846
342
222
-202
329
512
433
-56
-880
885
-846
-387
-150
-892
556
746
936
-516
-538
-450
495
-88
-981
126
-609
-267
-663
-412
265
-94
-733
-795
373
-869
951
-640
-844
601
882
856
-768
991
-639
545
-952
-624
958
-738
-436
-119
931
974
397
258
421
-966
950
-898
422
465
-408
-606
591
-779
877
686
743
366
-918
110
893
-107
955
-685
909
931
312
-255
-880
158
32
475
-543
-389
-277
-919
811
-872
500
-359
844
109
502
-809
-129
-886
665
-435
-571
-235
-372
-780
-597
-305
-436
173
-382
-317
575
-550
-34
257
211
-62
-79
711
-757
-169
-969
-786
270
491
77
921
-601
-791
-724
-627
-110
431
-402
18
257
-814
240
523
-434
698
229
-717
-420
954
931
-159
-152
922
827
-868
-283
-749
706
-70
259
-830
-997
521
-184
787
92
270
-125
-763
-102
929
499
-963
715
562
-398
720
-498
687
983
-761
934
419
45
373
-443
977
-621
651
-52
-1
-44
966
-534
-756
-191
-13
679
-377
245
339
827
-833
-164
-117
-47
692
-63
-418
-142
774
-355
-341
144
-171
-811
-812
-872
884
557
-50
841
-177
-694
-370
-120
858
443
-925
-97
-930
36
-314
-804
702
848
-306
685
-431
-18
380
-940
-711
-206
106
704
-818
20
-257
-612
978
-487
-545
-587
572
123
-762
-180
-116
949
929
-632
-855
-131
-80
560
789
-606
47
-979
-904
-939
238
379
-211
580
-203
-803
-94
-98
-821
566
348
-623
-329
738
69
-499
140
914
-71
698
-604
-838
448
-726
-607
192
263
959
-405
525
382
680
519
319
398
-564
-790
-10
-341
-422
-819
372
378
905
-65
272
521
207
-697
975
-442
-342
211
-797
395
-706
-743
168
-857
657
-123
-475
171
-156
915
-397
-250
-976
-646
-398
345
809
-644
290
-510
-55
784
-570
-452
235
-770
-183
137
617
-983
-40
874
-165
-943
-761
-435
-544
932
-607
649
634
-459
-181
-309
154
-797
790
77
945
-239
939
503
-50
787
692
-918
-18
612
49
-294
-205
237
-574
-875
928
528
-468
724
-644
-156
-373
748
-548
-729
-756
674
-51
116
99
-231
37
-956
-730
-603
689
-797
764
729
473
407
943
-405
-638
817
-620
-615
-804
217
836
-312
360
-106
-289
-198
210
862
-812
618
-416
-13
108
422
-827
271
-21
692
-743
79
-793
-721
359
216
-330
93
-932
-202
470
707
-729
310
-751
73
108
-121
-533
-260
-638
55
-627
-115
710
-933
375
-121
-912
195
782
-134
738
613
450
347
-886
944
-536
927
307
591
890
935
87
731
390
-308
393
-362
-675
52
63
-610
-648
-962
935
-27
105
354
-759
906
921
196
-622
-263
142
-644
-50
-551
-55
141
-107
146
152
372
547
356
-350
-846
-545
-334
201
560
557
-705
-735
-515
976
-546
-674
-272
424
-477
-761
-144
-132
825
-552
-43
-797
-908
-388
-686
-9
278
408
598
-128
157
918
-721
-121
307
-448
-595
375
-542
-546
-236
-82
484
204
288
95
186
662
644
-177
174
-28
-715
-716
913
675
-277
-166
724
428
-412
-596
572
375
-143
-668
-538
-458
144
507
-377
692
-697
-509
-835
-775
196
608
-318
-260
910
-618
-473
-582
-325
414
-611
341
-529
995
419
72
780
-959
-36
-816
582
-593
-935
427
-580
-625
613
-818
-299
885
264
727
633
144
-214
-860
-886
-838
437
880
-608
85
638
443
234
905
291
370
317
-936
894
842
-252
293
-860
138
-640
-775
-601
-155
-338
241
-376
851
-601
158
-795
-935
312
370
-484
-888
564
-802
-767
111
-490
282
-193
-856
-591
-286
986
-725
353
-397
-845
-317
-75
-542
-45
244
272
1
-370
202
212
-471
-41
270
934
-536
-925
-53
774
-386
818
-752
-608
50
425
8
880
-554
-96
-920
-135
-952
-329
-677
-428
-204
-605
522
901
953
-343
679
-98
923
-398
322
660
-770
396
-314
-781
833
52
582
-916
519
-292
-575
-158
-313
815
147
414
-414
299
-677
-998
454
701
965
990
711
-42
-781
-584
37
107
254
-258
-788
431
-248
993
537
-358
693
-686
147
204
-196
-973
70
-458
-944
-621
-206
635
-150
714
-280
-163
-978
780
-999
638
-455
-76
507
-56
-87
547
-470
141
588
-96
-783
993
-503
758
-288
-628
-376
-25
-44
-228
900
-353
394
-759
-818
-497
20
79
697
-393
247
12
-167
-516
425
974
899
931
-421
50
1
720
182
491
102
341
714
767
-201
-296
520
139
-850
268
-232
-727
802
-599
446
750
-122
-814
739
-190
964
-507
713
-476
268
-421
-468
-966
209
554
-116
-595
-487
-478
-424
535
-123
-512
-343
438
-360
959
159
25
148
-832
982
-162
-301
671
-582
-152
51
510
149
-22
-453
-533
242
72
204
879
-882
-667
-858
724
127
-204
-180
-758
844
-41
212
-381
-298
126
-290
387
360
-138
-165
79
978
510
-627
-605
830
-112
732
279
619
-341
-944
-266
-735
775
-864
629
646
937
46
-598
88
-944
77
-16
977
-703
-989
226
192
-670
889
792
-262
-414
-66
-297
578
-235
-985
165
114
138
265
904
-77
-667
818
-671
-584
315
93
259
548
-668
971
-956
-578
516
309
-92
576
-695
-671
-379
-885
906
387
451
-984
732
-417
-763
755
380
846
-293
-379
384
637
-690
40
703
854
429
-880
-346
-856
-491
730
-233
-232
-650
839
-694
944
653
-271
897
901
2
-423
537
341
920
-81
244
-159
805
-552
-225
-350
288
423
-983
-565
307
965
-494
432
690
-115
-637
66
-532
724
625
-441
-338
564
-275
672
202
-662
383
-412
-76
-623
51
218
805
-743
-978
-859
334
229
472
-707
-474
465
333
-153
594
-391
800
52
898
185
778
-104
-156
439
578
-916
-843
-421
192
-591
619
-20
-79
732
-276
106
201
76
468
-160
-793
388
-560
738
266
371
-343
-740
957
-158
-763
-78
-14
866
940
-933
-238
287
-864
330
483
19
711
64
836
-671
-580
-571
547
-446
865
-206
-948
-247
960
667
52
-937
-442
863
423
-743
529
-151
982
819
272
-778
-297
310
674
-268
-714
-404
-988
947
-495
-135
533
813
116
103
630
60
-192
76
620
32
460
-818
-843
584
-633
691
492
544
-46
218
812
887
393
481
-250
123
-622
80
-90
280
667
-155
-284
-892
-217
457
107
-740
376
996
-290
207
-732
-888
9
920
71
559
-423
-449
983
747
-342
161
900
-737
-767
255
913
458
251
-356
1
-33
514
109
-526
-4
729
949
261
-739
562
-756
45
-417
-966
-812
-201
479
-79
-778
393
-704
857
677
-419
408
-984
118
671
-880
-539
-115
142
-676
-683
502
37
379
-282
262
-382
509
131
582
223
124
194
27
-254
518
-336
718
-95
476
-309
837
-89
-630
-532
-64
835
699
127
180
-923
63
-927
-132
237
-905
389
-989
-527
162
226
-995
-669
371
962
-980
12
-295
-632
242
883
-100
760
548
-64
-926
477
-462
673
254
-643
633
-629
558
436
805
696
-663
-148
-375
-252
-922
114
287
921
-717
-653
-677
-555
68
109
-158
250
-764
-855
327
-539
-322
-590
259
458
210
420
-283
-561
498
639
-82
-53
353
101
142
88
429
386
449
-380
769
843
198
879
239
647
248
-675
727
691
746
-756
-748
-940
-104
735
429
675
-918
-374
-260
977
-140
8
-583
-467
489
-431
-30
839
-146
-802
-590
673
-953
465
-275
474
-249
744
-423
228
-346
-806
-513
429
-415
601
977
465
-373
-69
418
-387
-449
-297
-21
-961
276
-970
-939
847
-938
-229
-221
-10
-172
1
-429
736
469
-480
-399
-83
389
12
-111
-127
-78
518
-402
861
-269
-377
-335
892
-823
725
-168
305
822
-424
782
-88
-624
302
363
581
-710
-881
-593
-807
-876
214
-929
213
-475
551
-275
564
-340
986
179
-323
-96
824
-360
395
-304
-323
-662
-899
-344
-746
-791
348
481
-400
957
-16
510
-336
483
-140
-230
568
638
-622
556
-920
-650
796
535
562
999
-104
-700
-583
810
912
853
-689
-539
428
408
982
-438
267
504
-290
-638
-97
141
-457
303
75
-589
-760
-725
-512
-927
489
-199
-203
758
-228
762
-257
-730
433
112
792
-364
139
-156
564
-996
208
-690
797
-504
496
-562
781
-390
-339
-369
-808
-498
128
163
-6
221
-586
-733
604
-729
-605
864
915
-927
341
-418
-83
353
218
-22
-269
789
672
213
933
128
91
923
-653
-98
488
-830
-834
-559
-786
442
950
66
-2
621
222
235
997
-649
350
876
-294
168
-360
415
-973
-514
425
534
562
754
604
-361
187
-151
924
142
-160
345
377
-945
-650
-195
-343
-457
-765
889
533
-951
-317
-410
2
-909
117
574
-891
-581
623
-78
-297
204
-338
575
-848
-486
-57
747
-920
26
33
-498
-121
-816
-905
-968
569
-242
-378
-200
-369
201
-759
928
-406
868
912
-914
-916
358
559
-515
103
849
525
775
-483
-325
273
872
292
-184
-21
-894
-511
-352
715
67
-21
167
-156
658
254
-141
39
-659
-162
366
-463
-845
-700
-923
-106
302
317
5
736
634
-871
-388
62
168
574
880
1000
10
439
-294
460
-181
-744
754
-600
-246
331
951
371
-143
268
-113
-658
705
720
-966
-823
-58
145
-976
-655
467
576
-847
-43
-250
-643
-162
-96
-467
-67
136
-230
-985
-360
-577
-680
-868
-735
-357
844
-807
-661
586
725
-44
610
559
996
448
304
670
80
-834
-403
630
-371
393
800
-624
-92
-886
712
-191
-619
-207
-324
-74
81
-93
-806
685
-752
219
467
713
-714
-385
120
842
316
907
-75
-128
-121
800
871
-429
-167
-143
-86
149
-188
923
536
-464
-145
215
363
650
197
2
427
-706
-81
-304
737
-845
222
-259
220
215
-384
-406
-34
955
567
-362
-417
309
88
121
-336
876
-909
-127
550
518
-511
483
-30
-860
471
624
468
26
-142
-199
-186
-878
247
749
378
-51
-783
402
725
625
495
736
745
318
-442
-790
842
4
657
200
-381
457
735
510
103
-73
-765
-730
-270
-147
-281
620
-688
481
-139
404
-912
76
61
527
-775
-88
-489
-839
227
-393
-542
-966
-986
-753
96
-906
128
-168
-579
680
811
330
980
169
-870
494
-240
-937
815
874
-317
-915
394
732
879
-396
-59
-567
376
-609
254
409
698
-920
-451
227
842
-670
-670
-223
-912
-118
534
-635
637
782
-162
802
-805
276
912
-306
-113
29
600
785
858
775
-394
950
-499
-460
35
641
-574
-995
-268
-667
-688
-528
242
-71
906
-933
616
446
863
-103
623
-398
-690
-183
-429
-264
-457
-597
94
-346
271
-544
-312
-203
292
-960
-770
-219
404
932
-899
-563
-545
-734
339
587
-878
-191
-895
-769
349
425
-604
-736
971
-417
233
521
475
562
-591
-495
-398
-163
998
405
-778
-422
307
421
-302
-265
-928
-541
-924
883
-634
691
978
511
-272
590
46
-801
214
495
384
796
139
265
-107
-721
469
-952
-737
241
524
-141
727
-823
872
-337
-674
976
424
933
-524
778
566
132
51
121
557
904
508
898
314
522
160
610
-662
349
611
-898
120
295
987
758
946
902
684
404
-23
188
825
-427
352
307
301
-785
135
-628
783
628
-615
249
652
-211
-291
989
159
579
-203
543
36
-766
-741
-942
-709
-179
526
-687
324
-805
-244
564
-936
-729
825
-842
-645
221
722
726
958
-564
567
663
745
-979
-182
-20
183
-426
-635
573
-970
-939
-801
131
-118
-777
-492
-950
427
210
-145
552
632
-445
772
-786
-524
753
279
-223
31
352
-426
-121
-441
801
235
151
-954
601
680
168
717
988
714
-989
-477
-128
81
-54
-957
-485
-718
-836
0
-485
993
49
642
781
-911
-118
-952
969
485
27
-610
-536
-592
-929
832
-727
387
310
-915
172
933
-838
-359
-349
779
-343
-83
-930
173
-802
106
-728
19
-2
778
-229
597
-650
622
-542
777
861
57
566
-383
210
282
127
929
595
814
69
41
-13
40
905
39
394
-388
-689
384
986
1000
-462
-613
237
-138
289
867
-961
420
814
119
602
583
-5
-301
-467
209
-379
307
-742
777
503
-2
499
-542
-756
844
-407
-240
506
-83
-735
-125
-246
-303
896
96
707
325
-503
-890
-794
448
752
-545
-591
389
-584
66
526
-962
-640
598
-637
-437
144
-194
-846
744
-788
-124
411
839
913
499
-245
506
526
296
-268
454
-147
575
-415
561
-155
-604
-572
-901
-324
-309
831
-694
869
-503
-340
-517
-632
-436
-770
-374
718
651
-601
175
444
-574
-67
601
933
496
-213
-508
607
-646
-634
131
758
351
535
395
492
1
59
148
370
-460
-386
622
-651
441
-266
-629
-290
-594
447
118
75
-196
-622
655
-310
-569
427
398
-420
-488
523
605
-783
58
-113
147
-530
-546
-8
98
749
851
115
661
-354
141
271
645
-8
-372
-691
422
738
452
-532
-294
-780
258
-235
77
-133
-305
-388
-947
107
-106
-627
647
391
543
-479
657
374
-426
748
341
-242
828
-984
-242
-985
730
-807
-763
500
-983
872
-723
-646
-466
891
99
-401
438
-446
-266
637
-388
97
-698
-390
-569
-906
-943
-634
-665
-444
-880
125
-164
963
334
-705
81
-839
-787
223
780
645
51
482
530
-386
-878
568
765
792
-989
854
-574
676
177
49
-392
473
369
53
-618
944
-705
-892
816
-187
497
-195
779
-422
-495
850
-201
262
-343
20
-354
886
-437
-448
419
181
821
-339
-865
626
-521
-782
972
698
-609
-363
-942
-792
133
31
-945
-288
417
-931
-22
-834
-340
-305
219
-898
-294
-70
-957
162
272
-576
-806
-295
-473
-599
392
77
-472
-842
-609
666
116
675
269
-524
771
20
448
-822
-398
-737
137
-626
-856
-519
-43
-854
-563
546
477
665
896
988
-782
-456
-196
17
-112
569
31
276
-689
-205
-72
676
-833
397
-609
405
-363
-430
-209
-874
252
-507
413
226
907
-863
-472
-713
270
669
417
508
725
966
-392
-459
-436
-499
-80
655
-526
950
814
-292
198
-66
-396
549
576
-67
485
371
-377
37
-889
-60
599
474
-270
-434
-613
-621
973
-390
-812
-166
-31
-144
-487
-715
-553
280
-588
774
-270
73
347
955
41
-427
-451
136
-575
-1
913
256
-117
167
-566
-977
-247
-518
-438
969
713
-673
-754
-705
-750
-940
605
-682
502
-187
-126
945
-594
-806
345
135
956
297
-513
-704
997
-906
-418
-712
448
-446
-512
987
598
-884
475
777
542
57
913
-424
-263
-534
283
-68
-844
-957
-639
-285
805
-73
-565
204
-749
-513
923
846
-947
-704
2
-74
-980
-443
-939
-210
689
-969
612
-856
776
-43
424
-533
-231
-554
-41
625
570
-827
573
414
-942
-815
554
-661
962
-247
-359
-741
431
469
-632
803
-892
-609
-543
11
-787
-34
889
20
-427
496
-728
-797
851
-516
462
-613
-251
-609
487
-778
-505
467
553
-540
768
426
948
466
340
-51
613
-883
-946
-168
513
841
-634
-488
-210
28
1000
918
890
-936
-857
-460
154
-702
-612
-420
-236
-622
-747
733
-838
286
-54
-882
-322
-115
481
-368
-839
-970
-127
593
135
148
-834
-440
556
-423
658
-268
-836
-118
185
284
123
421
-404
515
236
-349
-418
662
-952
915
236
774
-173
-445
-692
-442
162
-683
449
515
306
-182
398
-109
291
-576
804
204
258
-709
15
345
-208
731
-491
159
692
960
271
935
211
541
-259
655
-335
144
-635
-392
-706
-247
788
261
611
472
594
-450
-273
446
708
-245
948
-267
-643
866
-754
381
-225
-241
-979
-772
-151
-903
-81
349
141
-324
922
614
233
111
440
-837
618
723
-312
-325
-697
151
133
-166
839
454
708
211
184
-208
338
997
709
-199
730
-967
-733
-623
421
379
146
182
-379
-749
-7
-532
-663
353
-356
-389
529
-721
432
-791
-671
-985
-736
-667
73
981
513
25
297
-7
-413
81
-29
995
325
698
183
-930
-434
733
572
45
-333
-316
270
154
-101
604
672
-657
227
326
757
-145
-809
638
-322
-488
175
582
-403
-325
-197
-344
448
947
-784
-263
385
777
-749
400
-594
26
-225
718
-243
718
-685
-443
-900
568
245
489
745
966
-425
65
-762
-856
-527
-895
946
-147
-546
288
-303
-710
-204
-146
587
-999
-818
-40
-223
-96
-329
937
409
958
447
-459
-386
564
-596
870
-187
-713
-721
-548
416
695
250
-461
201
-34
-922
396
-292
379
241
-916
-5
854
988
-587
-495
-167
487
800
295
738
746
-847
-517
712
-676
293
-725
197
44
74
-738
-797
77
-316
-962
-381
-351
691
627
604
516
801
215
804
-431
-591
391
271
16
569
390
524
247
163
-427
442
-58
-807
-453
-237
-91
-624
767
178
-318
-279
-839
679
-986
373
-575
-557
-610
32
654
422
3
67
-617
872
-599
-988
-603
-646
-12
804
41
-537
45
-587
-857
755
925
266
217
-669
320
134
624
-816
453
-97
-372
-352
232
-483
-182
-818
-551
754
-239
3
298
-241
-951
-141
-712
-190
-658
666
-731
-239
648
-489
-151
-944
-394
123
1000
-939
852
-912
55
-993
761
-208
284
-568
-346
275
248
311
-357
734
972
722
-264
470
-660
290
-883
130
571
776
-972
-240
367
996
-479
-316
-446
-811
-901
-28
43
-405
-694
424
761
91
-942
347
531
-832
-273
569
-981
259
-334
-712
61
-978
612
676
-637
305
-160
-518
696
-770
853
441
242
439
445
220
-71
803
-49
857
894
263
-912
980
-119
46
-668
273
435
-343
61
457
-885
-752
-965
-210
699
699
922
453
-300
565
-188
944
-281
-26
-616
628
-585
-256
-916
757
-605
-771
284
103
-726
-219
-88
-364
-753
-356
608
324
-571
-336
307
-198
388
-119
747
78
843
551
-48
-967
554
-352
-23
607
-163
84
164
-329
-302
-748
-599
826
-69
71
-835
356
599
194
-174
-79
-336
567
952
-781
-18
-517
-1
401
-47
143
559
-2
-418
-74
384
-603
345
-915
-360
470
560
-910
-561
849
792
561
52
657
-348
-769
228
-923
767
585
-293
600
444
-783
3
969
-359
-548
-458
674
557
-542
608
91
789
721
978
775
219
588
-73
297
607
-801
337
-256
505
195
-782
233
96
-955
-550
400
-650
-4
-581
579
958
6
594
-170
954
-482
33
-699
365
-141
-185
614
-342
-730
-890
910
28
-125
-7
331
21
441
-492
805
437
71
105
-667
711
40
301
568
639
-87
269
438
-198
205
-454
-169
213
-962
-613
-575
9
40
-359
701
-907
359
-712
-157
-899
924
-356
715
918
-134
-272
-268
-297
337
-866
848
-973
567
558
495
408
-35
904
-585
-160
555
-565
-889
-245
745
-348
623
382
-155
-487
37
-884
921
-180
-673
-613
928
521
-899
-81
-226
641
-396
-421
-272
-157
-323
589
-762
-126
904
479
-329
637
-231
-894
74
-27
-823
-284
-827
-823
-54
-966
464
585
-477
-178
804
290
-991
127
-856
37
953
755
-772
859
97
63
-127
492
154
936
-211
-906
-635
-182
870
824
-782
583
-117
-210
602
716
-185
-634
757
121
736
-31
496
-848
-855
924
-236
155
738
-614
355
-144
-122
-951
437
588
-86
806
-511
-124
-66
-635
366
-656
-698
-840
388
-492
-689
-410
-886
112
549
-792
-21
80
723
652
-496
-826
596
-425
810
-176
880
-726
-910
378
190
-489
-670
815
169
768
-769
150
-768
-781
-267
-519
-434
209
8
99
-730
197
-665
-187
-812
-524
500
-896
750
-348
378
728
-997
84
207
741
-366
521
146
894
492
-111
-315
548
-765
-62
39
-806
770
266
985
162
343
232
-495
-270
192
578
719
895
322
64
-974
114
262
943
-650
976
-9
-870
491
-621
921
63
261
232
-925
74
-568
-124
-758
-769
-332
342
-886
-921
385
294
711
294
486
-80
-963
404
-985
485
207
-32
404
326
626
-766
-356
-826
203
-36
-25
39
83
131
-566
634
-483
-582
542
77
573
388
741
227
-865
786
76
648
340
779
194
614
-799
-855
222
-968
-918
930
-782
801
-213
-436
900
809
-400
43
-131
683
144
751
-805
-789
820
963
-143
3
-579
342
-784
-320
264
634
-178
387
953
220
-781
522
-553
-161
467
-246
998
-142
834
-165
-285
-749
593
-909
-635
-416
-418
-255
66
-221
-737
-489
573
984
643
-918
822
528
-503
293
-705
347
565
-519
-44
-184
117
-856
-814
-590
-963
772
-649
-35
-50
932
829
764
-643
54
-556
136
-162
871
970
267
-711
125
-338
-950
570
729
-864
179
591
-892
520
-367
-876
-320
-712
-853
305
-177
753
900
-340
-143
423
-912
-672
70
470
-930
-593
-607
920
24
-596
416
213
862
418
-966
933
318
-811
288
541
820
-315
-427
-208
-833
349
-114
639
878
123
536
-815
-92
-195
-404
984
-388
407
-315
273
658
-609
34
105
-786
-135
251
135
-590
-865
-659
-288
-100
926
477
408
184
-874
-240
11
682
59
193
710
-387
-846
518
-410
-520
71
101
185
-836
-183
498
961
219
-271
-465
557
-607
-756
65
432
-17
-977
-513
-682
-855
-325
-173
-342
571
113
86
-855
209
-483
863
510
981
746
-615
154
316
464
510
84
365
-600
-985
327
-22
753
3
88
877
379
-388
-731
-282
303
-713
395
-632
-757
141
-865
-622
348
-141
-2
-447
880
-315
-223
-57
-681
-44
966
-54
723
-906
173
823
866
413
881
701
-472
-473
3
-597
-792
493
98
720
506
157
-663
-448
294
-208
647
-790
-930
663
-105
-872
-223
665
650
725
-825
335
-235
414
-470
-713
639
-606
-858
91
950
368
449
928
-661
-530
284
491
832
-476
815
-13
651
796
92
-637
-716
924
886
94
956
225
-567
385
-27
-817
709
57
-247
830
846
-988
-640
812
-341
371
-556
9
-549
0
-19
899
-513
-903
769
484
-492
548
-72
951
392
-607
939
741
-30
-500
370
513
-547
-155
-452
269
-797
-73
-564
-76
459
-558
-594
545
762
-114
-897
846
-489
335
257
-503
-661
300
-884
-161
-156
-410
-774
574
-615
-269
-352
-874
-661
953
952
347
-799
-765
130
-797
-246
687
-131
-912
54
-283
-652
70
-344
-992
-734
-456
-698
995
491
-534
-434
-48
974
555
635
117
-533
882
-587
791
-54
-121
-625
-647
322
877
-4
-606
-52
-30
-362
-487
-729
334
586
833
801
24
960
-317
-436
955
585
-1000
-592
6
-305
804
68
-366
-331
983
401
631
-643
634
-929
-76
202
558
750
605
910
-678
489
680
868
650
-182
-140
-203
-554
-724
873
708
64
534
745
894
-137
176
493
-873
278
-595
492
507
59
-556
-127
57
216
218
304
-225
994
-803
-189
910
-406
-202
-602
956
629
-507
-540
26
218
-399
483
976
-146
638
-797
-112
-665
-450
-996
-845
-189
496
313
836
-931
673
893
966
741
300
779
101
-378
-114
-125
582
-664
662
-895
-655
35
111
664
722
67
288
928
-71
914
-819
-342
-610
958
645
-737
575
-126
784
196
-580
845
-704
64
-362
742
678
-904
469
585
198
85
504
-472
-522
-636
248
-47
809
-170
-729
-510
-646
-187
-896
305
-945
859
-350
351
-602
-751
451
636
-21
338
-824
-731
-338
811
-884
248
-150
900
373
444
-85
142
424
-390
-307
-30
227
938
617
563
630
-864
209
-414
-167
267
807
99
-581
-787
988
885
934
857
-74
-82
88
-65
-763
267
221
454
469
184
-812
-629
505
788
-886
-640
314
-616
920
-312
494
279
-561
-205
-754
274
146
-18
508
-613
315
-743
264
-604
610
601
237
180
-225
751
-641
920
133
-746
-734
580
206
871
-666
-854
-307
782
815
168
529
411
-226
183
684
288
-873
-707
948
-959
-837
-514
842
711
-427
-192
-646
-246
304
158
-888
-543
-873
-199
-366
-327
721
-837
129
369
-102
595
-421
-133
-373
-460
-678
-790
199
-831
-608
409
221
440
924
437
-293
-62
-92
534
-977
858
-658
487
-570
627
73
949
-399
361
-592
599
484
-186
-383
-637
-318
-187
-263
933
-310
1
530
-482
208
-473
473
634
190
666
358
-33
370
930
788
-137
-917
770
-69
101
584
635
-593
592
-964
36
4
-449
190
-834
-235
683
795
-466
-528
-513
-298
-367
111
-706
103
232
962
275
-463
-551
-696
843
699
693
-283
-940
-727
81
-744
-825
-466
-595
-620
265
-854
-730
-516
-586
-898
723
953
-571
703
-801
-930
-618
-540
-29
359
253
118
-520
148
524
-404
-772
-634
-462
-118
-628
456
765
-775
550
-253
-325
-303
-542
827
-550
30
-583
-760
201
714
88
130
-689
399
-957
-395
967
-126
710
-356
-462
803
582
469
435
-194
237
-626
-869
-7
-782
937
-215
-403
-183
-610
127
-469
-197
828
-929
-960
489
-870
-880
275
195
50
770
220
418
-506
-747
459
101
-215
614
-153
424
-442
380
860
-731
668
247
-718
-653
810
737
-539
489
504
333
-283
-991
-760
-844
683
676
-330
250
-624
292
-849
412
811
550
-165
-79
-331
153
942
850
857
17
899
513
-965
386
22
258
-373
-24
-755
461
105
-720
303
-378
-559
-241
240
213
-115
619
-254
-960
789
-732
660
323
735
554
-609
992
358
-802
641
561
-470
-949
944
777
-371
-579
224
958
509
361
658
-485
758
997
-505
414
487
816
653
-487
-755
282
643
390
-298
-20
-189
650
-433
883
453
-595
935
891
-258
-821
36
30
961
-538
815
-409
-801
-537
757
-184
271
-949
-667
-867
696
-717
414
-118
-131
-975
-594
-750
-240
-415
-295
705
-514
342
-537
319
177
39
-194
784
-678
774
74
-181
-115
-531
812
-36
738
303
555
777
-672
338
831
-257
456
-179
-251
-472
197
-764
-13
-25
-188
-251
968
604
225
922
-257
-851
67
515
645
334
856
-170
888
321
235
-965
-692
893
-970
-923
129
44
188
534
164
-822
-253
393
550
-277
62
-948
-237
-410
-83
-738
491
747
-430
132
363
748
-251
836
883
-241
-650
-568
-535
304
-596
624
649
109
962
-933
737
-961
-138
15
-674
214
-638
-392
-113
659
923
6
95
-158
-452
-275
208
802
-675
508
690
538
796
-927
-625
605
-714
44
-787
159
-367
-947
656
-366
-642
-999
205
181
692
-487
730
711
-929
-480
402
-261
-21
-165
-403
-996
-705
90
-566
-530
112
309
932
-915
-295
779
-297
846
437
-607
-929
-846
22
155
-944
84
401
-840
-180
628
645
440
-271
44
-933
17
-363
495
-966
304
138
-130
-757
321
493
-86
-586
996
-808
283
-27
129
-434
440
360
-707
-301
-587
848
466
643
-272
-252
-800
509
700
957
557
-317
-308
821
79
-600
63
-876
926
269
-370
776
-939
735
38
-932
-283
840
-288
451
501
909
-271
495
-882
-70
285
-297
884
-204
472
782
-125
-43
13
-443
-565
147
711
169
-785
-473
200
539
701
-150
-65
152
417
521
-903
559
-556
562
-615
515
-249
-362
-235
164
94
542
-395
-238
109
-946
562
111
843
-25
539
-543
-187
-190
131
948
-981
-376
-469
774
229
705
-945
391
-351
270
496
-341
129
147
-301
713
475
-823
715
-507
953
-779
413
697
507
-473
611
728
246
-282
-974
273
-774
388
-760
638
338
851
552
-20
628
-907
664
246
-768
108
-128
-431
35
-354
-987
882
-842
922
-64
798
562
955
879
994
-39
-600
-219
146
-294
399
-914
670
269
-887
-635
-468
-950
430
538
-760
-667
906
226
706
-649
-214
793
-93
-432
-646
-320
-860
188
-633
-26
-259
-203
-805
-984
-620
-881
-788
274
-178
45
-221
79
839
-547
208
-56
486
837
519
-881
-90
480
825
-114
4
-438
930
247
-548
783
-178
153
-438
134
64
-695
884
-715
776
-832
357
-716
-22
979
-836
-891
88
-97
912
994
-41
-5
823
-691
303
664
-590
-313
-287
841
762
-160
234
-108
-182
-713
3
-586
-780
331
578
611
-100
-420
715
973
315
-137
-441
113
245
-412
832
846
-817
558
-204
-881
-122
-55
983
513
-55
378
-352
-228
-391
467
798
-118
278
872
-228
-564
-217
768
-128
-286
-300
-560
-335
-667
34
-378
-493
-741
-267
528
-877
-545
818
305
-829
65
6
-239
-181
-851
-221
923
617
602
-344
49
-355
-854
635
-995
-741
637
-230
-47
-836
460
421
463
729
-365
299
686
-417
-909
-412
32
-382
-925
-855
106
-177
836
208
517
105
-711
340
-485
207
930
280
583
427
-461
525
726
-713
-712
-656
933
97
580
-682
-844
644
-464
303
-273
-786
929
585
701
786
-66
267
-308
484
327
-68
-308
-186
433
146
200
501
-935
-831
-237
597
-3
-584
113
74
-138
989
274
523
68
150
-419
624
-710
-643
-88
514
935
563
392
65
-262
425
-603
480
-389
-272
856
809
-669
-398
381
245
60
25
842
992
-583
669
513
-1000
-380
-512
416
608
-345
374
90
-210
-464
-629
-621
975
179
733
-716
673
-284
917
-620
-287
216
-253
130
244
206
-38
331
344
233
-973
-33
258
451
-118
433
282
689
949
-139
-665
-761
133
520
-674
409
207
709
18
-414
-668
961
-806
869
-762
186
616
-435
-615
860
-787
453
-374
-136
845
833
-557
500
608
530
59
-95
-178
933
349
45
-79
40
800
-770
-146
-227
757
846
239
317
336
-279
932
-342
477
-852
-886
-432
78
-433
682
-855
323
647
393
-586
-915
-664
-627
-569
-508
884
215
938
292
-757
-974
-75
473
-661
-857
507
-86
-674
-612
318
235
542
-757
-420
48
-705
859
-797
134
189
-606
-852
-601
-15
-778
-424
864
697
-404
-548
382
-167
-367
427
-255
-500
-71
424
351
-63
377
-615
-461
-448
-284
-235
-467
614
-419
-579
135
-813
-477
197
534
-636
9
915
-1
713
309
-889
500
765
294
-449
778
576
-711
-68
-856
-617
640
-178
750
158
361
971
-565
643
171
-632
-871
-736
876
868
624
-746
-431
720
-847
731
-693
448
833
573
-850
97
-725
455
862
605
121
-115
-554
927
380
638
762
696
-930
-450
-816
-38
-153
325
-681
946
903
-957
-444
-962
403
450
-753
450
559
-943
-440
611
1
-250
-280
156
-425
-121
-254
-941
460
37
-823
-76
-622
97
-546
1
-751
54
356
330
568
-243
190
-655
76
-910
761
-475
426
-926
-691
-207
-270
-999
61
-544
529
668
85
-966
-410
156
-649
-370
777
39
-810
334
720
884
718
-433
181
-166
210
-195
68
706
77
792
-82
543
-794
785
-76
-284
-404
391
-920
160
-568
531
700
247
-715
-984
-716
10
-604
-935
669
-158
580
616
-342
-739
-73
897
-67
512
-600
151
-464
-80
-614
-458
554
-446
-71
-709
770
-621
-419
68
-324
-272
75
-548
-224
-92
838
-53
782
-866
351
704
-20
-753
-435
-225
245
-24
-88
971
-68
314
175
126
-3
-430
74
-378
-685
347
-202
-253
-552
214
887
-142
-97
-447
-628
1
668
315
-221
570
-743
-619
589
835
345
275
875
-39
-728
769
204
-502
-965
-120
-493
-971
601
-974
-561
770
-271
77
-871
-391
440
-812
-547
-112
953
-795
905
-213
-378
293
298
-329
819
642
-327
-527
-798
-544
-502
-107
385
-653
-930
382
113
-128
-42
907
-86
-626
804
654
-601
813
491
37
196
-960
-665
259
174
399
-270
-539
151
447
113
-990
-828
586
-959
-1
50
-194
999
413
-12
238
86
-81
-885
919
-395
-638
-740
303
975
-524
728
261
-557
619
217
-481
-582
74
-860
701
152
-7
688
-45
714
-980
252
765
208
647
720
627
-320
-502
-507
219
741
-975
-848
631
507
11
485
-358
334
-816
526
-867
219
-973
195
-337
-699
858
871
-603
370
-735
100
-881
-797
-418
769
50
847
-537
578
328
-421
265
-97
-354
-841
-90
662
-594
-47
-392
-438
-285
923
977
-396
-14
-877
916
-419
-498
381
-306
400
-811
-374
798
869
737
-206
544
-13
-801
580
197
703
846
-328
275
-332
-85
-528
-638
419
188
-186
810
-711
-724
-233
130
542
-885
685
501
-341
299
-784
270
-574
-668
-564
-504
-127
616
64
390
-738
-614
4
690
35
618
-555
-475
-828
-323
499
17
-325
93
-485
-912
-976
521
-695
784
386
91
-462
-467
519
705
606
649
-511
-908
-684
834
-513
829
-13
611
-707
-75
-794
-399
-464
632
127
571
297
809
-807
573
-367
-191
-38
151
-615
552
-349
-417
-889
608
-864
683
935
-524
533
636
316
355
238
739
912
-76
-139
232
96
-406
569
-282
595
-244
-350
855
-515
557
-789
803
-1000
-159
-377
917
-767
-120
908
394
459
512
402
-966
-319
-637
-843
-201
669
262
-551
-69
-50
-527
-366
884
672
-807
889
851
491
-769
-134
943
-843
969
-441
-780
-973
442
597
262
-178
46
-247
-936
-474
-166
-905
-78
-416
853
809
-340
268
-603
254
-128
-114
249
-929
-657
959
-903
672
-406
-641
634
-870
-161
-879
903
568
38
-150
751
133
-823
102
492
960
-388
-494
-115
561
428
377
979
-258
-369
910
-110
115
-871
700
-198
849
-218
681
768
651
651
-591
-931
337
-716
-674
20
-803
-200
627
975
773
-735
-568
-212
-664
123
-29
-48
422
674
-393
835
879
939
907
-583
-315
-264
400
-750
-174
327
-931
148
-868
-751
198
-64
-181
-432
-676
830
739
-271
-211
-325
621
763
-301
-600
993
-352
-376
118
854
-276
37
164
-470
665
-253
-886
587
-364
-926
253
-275
-972
-243
-241
920
733
391
126
-664
-675
-441
956
368
920
-251
-432
619
-205
381
-723
-236
423
-491
-976
749
-271
-622
781
109
-157
-718
809
705
287
-520
-617
668
648
178
629
-710
-782
-610
-909
-75
-711
-264
668
800
-351
-849
899
-551
-594
340
-415
933
608
-469
-779
-56
-882
520
-480
913
954
-598
-431
918
-302
137
-460
-241
340
919
526
-507
259
236
-346
-132
443
-608
935
-979
-466
-294
-648
780
-110
167
231
698
-50
837
965
93
-756
302
501
-861
-403
-292
540
-969
-477
-245
-184
-995
-593
-638
-618
-146
-602
897
939
-453
609
556
-140
675
368
-790
-301
-524
-61
504
770
-634
856
707
438
-714
613
-421
-140
-54
-876
-514
278
991
-684
378
-769
-662
-981
-105
132
-856
-678
487
-731
324
-234
-218
591
-550
-192
-146
-877
462
988
-852
-837
-235
910
488
989
-767
250
-499
-258
-603
-824
-898
-184
897
-791
222
152
-244
469
-94
299
248
217
-686
497
-315
231
15
866
665
210
153
430
358
750
545
317
413
789
-940
-874
-243
-771
665
913
110
732
89
-594
-266
-859
168
-980
996
-339
858
69
-121
-9
-176
251
-168
-944
-945
388
146
-320
-458
-640
-66
33
-567
172
-162
845
-897
903
-433
-722
-240
139
384
-40
-519
-300
-647
-109
276
-510
-705
-376
-950
363
365
-514
-117
870
-721
228
154
781
336
160
-69
335
215
-122
681
866
439
948
27
-894
-384
-954
248
-883
870
-157
-559
-774
767
491
-816
-474
218
484
-760
-213
589
-113
963
-244
-215
676
-486
-943
355
92
-928
216
-13
260
640
-213
-535
214
-783
70
996
-739
-240
-540
-208
359
-553
-712
750
413
826
-213
942
-610
485
-364
-448
900
3
-415
-912
837
816
998
-40
422
883
-53
-899
-264
-670
405
-432
-348
-396
-725
-474
-432
-950
-470
376
-638
114
83
-837
867
-488
-684
206
-751
534
479
674
-56
76
-550
323
-680
-390
579
-124
59
-49
-103
267
-409
884
-489
71
260
847
30
-993
-340
316
39
793
-61
-679
-207
43
226
302
75
-395
-740
-787
68
-835
133
-734
-34
-776
-588
-687
-923
743
-192
702
616
538
431
299
347
-666
-405
-620
-822
521
41
19
897
398
-308
131
